*-----------------------------------------------------------
*  Station Name: PCME
*  DSSAT Weather file - by https://github.com/jrodriguez88
*  Longitude: -73.475773 -- Latitude: 4.029664 -- Elevation: 315m
*-----------------------------------------------------------
*  Date: 2012-01-01 : 2021-12-31
*
*  Column    Daily Value
*     1      Station number
*     2      Year
*     3      Day
*     4      irradiance         KJ m-2 d-1
*     5      min temperature            oC
*     6      max temperature            oC
*     7      vapor pressure            kPa
*     8      mean wind speed         m s-1
*     9      precipitation          mm d-1
*-----------------------------------------------------------
-73.475773,4.029664,315,0,0
1,2020,1,19017.66,21.89,34.72,2.47,1.61,0
1,2020,2,20122.02,23,34.39,2.44,1.68,0
1,2020,3,21669.34,21.94,34.83,2.28,1.29,0
1,2020,4,21928.37,22.06,34.83,2.22,1.55,0
1,2020,5,20830.92,21,34.28,2.28,1.5,0
1,2020,6,21903.33,21,34.11,2.28,1.4,0
1,2020,7,21399.07,20.72,34.44,2.27,2.19,0
1,2020,8,21823.89,20.94,34.67,2.29,2.21,0
1,2020,9,21370.58,21.06,34.33,2.27,2.32,0
1,2020,10,22158.05,20.5,33.89,2.18,2.7,0
1,2020,11,12041.78,21.11,33.11,2.19,2.1,0
1,2020,12,17297.65,22.44,33.94,2.26,2.38,0
1,2020,13,21442.25,22.44,33.72,2.18,2.71,0
1,2020,14,21102.04,20.33,34.17,2.2,2.29,0
1,2020,15,20276.58,22,35.17,2.26,1.7,0
1,2020,16,6940.47,23.44,31.44,2.52,1.05,0
1,2020,17,6814.41,22.89,26.83,2.56,0.95,6.8
1,2020,18,15517.2,23.67,33.61,2.81,1.33,1.2
1,2020,19,8979.96,24.56,33.06,2.78,1.16,0
1,2020,20,13891.31,24.5,32.28,2.78,1.05,0
1,2020,21,14815.21,23.56,34,2.59,0.95,1.8
1,2020,22,16010.23,23.89,35.61,2.71,0.9,0
1,2020,23,20035.67,23.94,36.33,2.63,1.07,0
1,2020,24,9162.15,25.5,36.17,2.79,1.24,0
1,2020,25,11995.15,25.56,34.83,2.62,0.98,0
1,2020,26,15980.88,23.89,36,2.57,0.93,0
1,2020,27,18499.58,24.22,36.56,2.41,1.04,0
1,2020,28,19913.06,25.11,36.67,2.44,1.64,0
1,2020,29,16981.62,23.78,36.61,2.43,1.75,0
1,2020,30,18150.75,25,36.28,2.46,1.42,0
1,2020,31,18104.12,22.83,36.39,2.43,1.52,0
1,2020,32,11804.33,25.5,33.83,2.49,1.27,0
1,2020,33,18056.63,24.22,35.83,2.58,1.61,0
1,2020,34,19618.62,23.78,36.39,2.67,1.4,0
1,2020,35,22417.09,21.44,36.44,2.24,1.97,0
1,2020,36,22996.47,20.22,36.83,2.23,2.16,2.2
1,2020,37,23082.82,20,36.78,2.2,2.14,0
1,2020,38,19999.41,20.44,36.17,2.04,2.32,0
1,2020,39,20068.48,20.72,35.44,2.15,2.06,0
1,2020,40,21273.87,22.56,36.06,2.12,2.24,0
1,2020,41,23216.65,20.28,36.11,2.06,2.45,0
1,2020,42,22831.55,21,36.89,2.08,2.19,0
1,2020,43,22230.58,20.11,37.44,2.22,1.79,0
1,2020,44,22287.57,21.44,36.94,2.27,2.38,0
1,2020,45,15761.56,22.89,35.33,2.29,1.88,0
1,2020,46,20133.24,25.06,36.83,2.31,2.08,0
1,2020,47,21644.3,23.33,37.17,2.25,2,0
1,2020,48,18132.61,22.61,37.61,2.33,1.43,0
1,2020,49,18801.79,22.17,37.33,2.2,1.82,0
1,2020,50,8868.57,24.78,32.78,2.61,0.9,5.08
1,2020,51,10887.34,24.17,32.89,2.59,1.45,0
1,2020,52,16412.51,24.09,33.29,2.71,0.54,0
1,2020,53,19870.99,22.12,33.5,3.03,0.42,1.01
1,2020,54,14394.82,24.82,32.62,2.88,0,0
1,2020,55,19845.26,22.29,34.85,2.5,0.02,1.4
1,2020,56,21094.11,20.71,33.71,2.34,0.22,0
1,2020,57,19697.75,18.95,34.72,2.67,0.36,2.6
1,2020,58,20345.1,19.59,32.48,2.69,0.05,0
1,2020,59,20141.91,21.51,34.01,2.94,0.28,0
1,2020,60,16880.07,22.06,30.56,3.1,0.03,75.2
1,2020,61,18920.65,21.81,33.03,2.73,0,0
1,2020,62,15617.17,25.24,32.13,3.13,0.07,0
1,2020,63,16766.15,22.71,32.26,2.75,0.02,0
1,2020,64,11507.3,25.11,33.72,2.73,0.22,0
1,2020,65,9976.39,22.56,33.78,2.77,0.02,2.54
1,2020,66,12224.83,23.33,36.67,3.09,0,0.25
1,2020,67,14261.62,22.17,30.89,2.75,0,2.03
1,2020,68,8368.63,21.56,32.17,2.66,0.03,0
1,2020,69,8551.69,23.11,34.06,2.87,0.15,0
1,2020,70,11876,22.78,36.78,3.18,0.13,1.01
1,2020,71,9173.38,22.11,32,2.95,0.02,0.5
1,2020,72,13399.14,23.99,30.38,2.96,0,0
1,2020,73,16963.59,22.94,32.49,2.69,0.28,0
1,2020,74,19720.01,22.12,32.34,2.78,0.46,0
1,2020,75,20144.7,22.18,33.85,2.65,0.46,0
1,2020,76,19952.8,22.23,33.06,2.7,0.61,0
1,2020,77,12274.02,23.5,29.78,2.91,1.06,0.6
1,2020,78,20017.54,25.67,34.89,2.19,0.81,0
1,2020,79,18269.04,23.44,35.44,2.48,1.24,0
1,2020,80,16211.42,23.83,34.89,2.39,1.43,0
1,2020,81,20762.7,22.94,34.61,2.18,1.98,0
1,2020,82,21848.93,22.56,36,2.2,1.72,0
1,2020,83,20492.44,22.78,36.78,2.39,1.69,0
1,2020,84,21683.15,24.5,35.78,2.41,1.35,0
1,2020,85,18474.54,25.22,35.72,2.53,0.76,0
1,2020,86,15143.32,26,35.83,2.73,0.94,0
1,2020,87,12951.87,26.11,34.83,2.58,0.78,0
1,2020,88,19359.59,24.78,36.44,2.44,1.49,0
1,2020,89,19218.84,22.78,37.5,2.3,1.68,0
1,2020,90,9275.26,23.83,30.22,2.72,0.95,22.36
1,2020,91,11965.8,24.56,32.28,3.08,0.49,5.33
1,2020,92,14851.47,24.33,33.56,3.15,1.39,2.28
1,2020,93,9202.73,23.44,29.22,2.74,0.77,0
1,2020,94,13225.58,23.67,31.5,3.1,0.52,0
1,2020,95,15650.17,24.28,34.22,3.05,0.25,0
1,2020,96,9429.82,22.78,30.56,2.97,0.98,46.23
1,2020,97,17445.3,23.39,33.89,3.34,1.48,21.83
1,2020,98,21683.15,23.06,34.44,3.03,0.82,1.78
1,2020,99,12181.66,24.72,29.78,2.93,0.8,1.27
1,2020,100,8367.07,23.83,26.39,2.77,0.49,38.84
1,2020,101,6792.82,24.06,28.94,3.14,0.59,1.01
1,2020,102,14660.65,23.89,31.94,3.3,0.74,0
1,2020,103,17254.48,24.56,34,3.23,1.05,7.62
1,2020,104,20154.83,23.17,34.44,2.93,1.37,3.55
1,2020,105,10259.58,21.86,28.8,2.78,0.63,40.4
1,2020,106,12062.5,25.72,33.61,2.37,1.07,0
1,2020,107,13109.88,23.78,33.28,2.55,0.95,0
1,2020,108,10246.65,24.06,31,2.51,0.64,0
1,2020,109,17204.21,22.22,30.72,3.03,1.04,103.37
1,2020,110,16312.88,22.72,30.39,3.14,0.22,0
1,2020,111,21442.25,23.56,33.78,3.01,0.51,0
1,2020,112,11953.71,23.89,34.11,2.77,0.3,0
1,2020,113,15632.04,23.83,33.28,3.17,0.89,2.28
1,2020,114,11453.77,23.61,32.06,2.81,0.9,0.25
1,2020,115,16898.73,23.17,33.5,2.9,0.7,0
1,2020,116,20623.51,23.83,34.72,2.81,0.81,0
1,2020,117,19869.89,22.56,34.44,2.65,1.66,0.76
1,2020,118,15474.03,23.89,33.44,3.02,1.08,0
1,2020,119,14559.62,23.56,34.28,2.99,0.58,1.02
1,2020,120,15240.03,23.5,30.61,3.13,0.9,21.59
1,2020,121,16726.04,23.72,33.56,3.34,0.94,39.36
1,2020,122,6979.33,23.5,27.33,2.94,0.89,80.26
1,2020,123,17631.81,23.89,32.17,3.19,1,0.25
1,2020,124,7448.15,23.11,26.67,2.84,0.49,48.25
1,2020,125,8289.19,23.78,30.56,3.28,0.4,1.27
1,2020,126,17953.01,23.33,32.67,3.26,0.98,0.5
1,2020,127,16301.22,24.39,34.17,3.36,0.9,1.78
1,2020,128,15628.59,24.28,32.39,3.18,0.78,1.78
1,2020,129,8492.25,22.44,27.06,2.82,0.78,57.15
1,2020,130,7512.08,23.61,30.94,3.11,0.78,0.25
1,2020,131,14898.1,24.11,31.56,3.24,0.78,8.89
1,2020,132,20726.44,23.94,33.11,3.28,0.78,53.59
1,2020,133,13484.62,25,31.89,3.28,0.78,0.25
1,2020,134,12297.37,22.94,29.44,2.98,0.78,18.79
1,2020,135,16571.48,24.17,31.94,3.31,0.78,0
1,2020,136,13254.08,24.28,31.61,3.33,0.78,6.59
1,2020,137,17921.07,24.56,32.22,3.3,0.78,0.25
1,2020,138,14645.97,23.94,28.44,3,0.78,11.94
1,2020,139,23899.65,25.67,31.72,3.15,0.78,0
1,2020,140,7339.05,23.67,25.78,2.82,0.78,35.55
1,2020,141,25743.13,25.56,31.56,3.25,0.78,0.25
1,2020,142,12509.78,23.61,31.39,3.2,0.78,0.5
1,2020,143,14117.53,23.22,31.78,3.27,0.78,11.17
1,2020,144,19129.04,23.06,33.39,3,0.78,0
1,2020,145,7885.96,23.44,28.28,2.78,0.78,54.1
1,2020,146,16387.56,24.83,31.56,3.14,0.78,2.03
1,2020,147,9192.37,24.11,27.28,2.81,0.78,14.98
1,2020,148,15746.88,23.5,29.56,2.8,0.78,3.04
1,2020,149,11555.65,24.56,29.89,2.98,0.78,0
1,2020,150,19165.31,24.17,31.83,3.05,0.78,0
1,2020,151,13429.36,23.61,30.5,3.02,0.78,28.2
1,2020,152,24748.43,23.83,31.56,3.12,0.78,6.34
1,2020,153,21626.16,23.5,32.28,3.07,0.98,0
1,2020,154,19205.03,24.06,32.5,2.97,0.81,0
1,2020,155,14027.73,23.67,30.72,3.1,0.92,36.84
1,2020,156,15693.34,23.78,31.72,3.03,1.4,0.25
1,2020,157,18481.45,23.33,32.56,2.93,0.71,16.76
1,2020,158,14873.06,22.83,30.44,2.91,1.08,6.08
1,2020,159,17765.64,23.56,32.56,3.05,0.56,0
1,2020,160,10567,23.06,29.06,2.83,0.56,12.18
1,2020,161,15841,22.61,32.11,3.01,0.5,8.62
1,2020,162,13041.67,23,31.33,2.88,0.49,1.27
1,2020,163,15333.28,22.72,31.5,3.05,1.02,22.59
1,2020,164,17840.76,22.17,31.44,2.89,0.92,27.68
1,2020,165,20849.05,23.33,31.89,3.09,1.32,42.92
1,2020,166,7695.14,23.39,28.78,2.93,0.68,11.17
1,2020,167,14139.12,23.33,30.22,2.88,0.52,0.25
1,2020,168,20776.52,22.78,33.11,2.83,0.61,0.51
1,2020,169,14991.35,23.44,31.22,2.82,0.68,0.76
1,2020,170,11653.23,24.22,28.28,2.77,0.77,0.51
1,2020,171,15776.24,23.39,30.17,2.87,1.15,0.25
1,2020,172,8478.36,23.28,27.06,2.73,0.76,21.33
1,2020,173,16675.1,22.94,30.67,2.98,0.88,20.57
1,2020,174,8886.71,22.94,29.33,2.88,0.77,11.17
1,2020,175,11786.2,23.22,30.72,3.03,0.42,14.21
1,2020,176,19273.24,23.44,32.28,3,1,0
1,2020,177,10037.7,25.11,28.78,2.79,0.85,0.25
1,2020,178,13977.65,24.22,31.61,3,0.88,9.9
1,2020,179,13223.86,22.22,29.78,2.8,0.94,9.39
1,2020,180,16764.03,23.5,30.17,2.76,2.44,0.76
1,2020,181,15384.23,22.56,30.83,2.75,0.53,0
1,2020,182,19532.28,23.5,31.67,2.87,1.1,0
1,2020,183,16283.09,23.94,31.61,2.96,1.13,7.35
1,2020,184,14200.43,23.72,29.39,2.78,0.88,5.58
1,2020,185,16747.63,24.28,30.94,2.89,0.82,5.58
1,2020,186,8138.09,22.72,29.44,2.82,0.75,12.45
1,2020,187,18726.67,22,31.39,2.71,0.63,0
1,2020,188,9199.28,21.94,28.28,2.64,0.75,65.77
1,2020,189,18384.74,22.28,31.11,2.83,0.55,1.52
1,2020,190,18913.18,24.22,32.33,3.03,0.48,0
1,2020,191,8526.65,22.56,28.44,2.71,0.71,44.94
1,2020,192,11117.02,23.17,30.22,2.88,0.45,1.53
1,2020,193,14092.49,22.89,30.61,2.91,0.98,32.26
1,2020,194,16304.67,23.06,30.5,2.85,0.52,0.25
1,2020,195,13836.91,22.89,30.78,2.88,1.22,29.72
1,2020,196,21820.44,22.11,32.67,2.87,0.29,2.28
1,2020,197,10217.3,23.33,30.72,2.79,0.72,8.13
1,2020,198,17974.6,22.89,31.67,2.86,0.29,5.33
1,2020,199,16557.67,23.83,31.17,2.73,0.6,0
1,2020,200,22397.23,23.56,31.56,2.58,0.88,0
1,2020,201,13459.58,23.72,30.78,2.82,0.38,5.59
1,2020,202,13005.4,22.33,29.28,2.75,0.36,0.76
1,2020,203,9580.93,23.67,27.94,2.73,0.46,7.5
1,2020,204,12329.31,23.06,31.06,2.99,0.33,8.3
1,2020,205,13552.83,23.56,30.5,2.94,0.73,8.5
1,2020,206,17168.13,23.89,31.83,3.02,0.8,81.5
1,2020,207,7854.14,21.56,25.56,2.47,1.35,19.4
1,2020,208,11814.69,22.83,30.72,2.95,0.68,0
1,2020,209,19510.69,23.17,32.11,2.88,0.49,0
1,2020,210,15359.19,22.72,32.5,2.89,0.28,0
1,2020,211,19917.38,22.5,32.28,2.81,0.69,32.5
1,2020,212,10559.22,22,28.72,2.73,0.98,9.5
1,2020,213,17650.8,23.5,32.17,2.85,0.85,0
1,2020,214,12703.19,24.5,30.83,2.68,0.53,0
1,2020,215,21845.48,23.44,33.06,2.59,0.64,0
1,2020,216,15920.43,23.44,32.67,2.62,0.71,1.8
1,2020,217,13520.02,23.22,29.44,2.52,1.03,0
1,2020,218,14866.15,23.56,31,2.56,0.83,0
1,2020,219,17186.26,23.94,32.22,2.6,1.06,0
1,2020,220,9599.92,22.83,29.44,2.4,0.98,0
1,2020,221,10109.36,22.72,29.72,2.46,0.36,0
1,2020,222,12005.52,23.67,31.89,2.61,0.27,0
1,2020,223,10933.1,24.44,30.11,2.62,0.22,0
1,2020,224,14109.76,23.89,32.11,2.93,0.4,1.27
1,2020,225,10872.66,23.28,31.61,2.91,0.73,46.99
1,2020,226,8252.29,22.94,25.94,2.61,0.94,18.79
1,2020,227,12573.67,23.83,31.44,3.13,0.84,2.28
1,2020,228,18654.14,23.33,32.83,3.06,0.58,0.25
1,2020,229,15258.16,23.44,32.61,2.99,0.57,0
1,2020,230,8486.83,22.61,26.5,2.61,0.72,22.09
1,2020,231,13423.31,22.5,31.67,3.03,0.56,6.61
1,2020,232,17765.64,22.72,31.28,2.88,0.8,0.25
1,2020,233,15316.01,24.17,32.72,3.11,1.01,0
1,2020,234,18438.28,23.72,34.22,3.24,0.9,11.93
1,2020,235,12613.39,22.44,29.78,2.75,0.75,22.61
1,2020,236,12818.89,22.61,29.11,2.68,1.15,32.24
1,2020,237,11455.49,21.83,29.39,2.61,0.4,0
1,2020,238,15031.07,22.22,31.22,2.77,0.53,0
1,2020,239,20598.17,22.11,33.28,3.07,0.29,0
1,2020,240,15123.84,23.06,32.61,3.2,0.9,16
1,2020,241,17452.21,22.61,33.39,2.96,0.68,0.25
1,2020,242,16990.57,22.28,31.61,3.1,1.33,11.94
1,2020,243,18313.26,21.44,31.33,3.11,1.15,0
1,2020,244,18386.91,22.67,32.44,3.16,0.83,0.51
1,2020,245,13005.4,22.56,29.67,2.95,0.87,0
1,2020,246,17908.11,21.67,33,2.86,1.05,0
1,2020,247,16043.91,23.44,31.83,3.06,0.49,5.59
1,2020,248,20625.48,23.22,33.39,3.35,1.12,0.51
1,2020,249,18248.87,22.72,34.72,3.27,0.84,4.32
1,2020,250,18386.82,21.06,33.89,3.06,0.88,6.6
1,2020,251,16900.61,22.72,34.78,3.19,1.18,3.31
1,2020,252,20261.12,22,33.5,3.26,0.7,0
1,2020,253,11184.32,22.28,27.78,2.95,0.68,7.09
1,2020,254,18052.31,21.72,32.39,3.03,0.6,2.03
1,2020,255,17981.51,22.5,33.83,2.86,0.59,0
1,2020,256,22257.35,22.78,34.89,2.85,0.67,2.8
1,2020,257,13868.86,23,33.06,2.84,0.68,16.26
1,2020,258,13268.76,22.67,34.11,3.08,0.32,4.06
1,2020,259,17913.29,21.94,33.11,2.78,0.4,0.5
1,2020,260,17197.49,23,33.22,2.95,0.72,11.93
1,2020,261,21762.59,21.83,32.39,2.69,0.58,0.25
1,2020,262,22828.1,23.72,34.61,2.74,0.56,0
1,2020,263,12473.51,23.72,33.44,3.02,0.71,9.14
1,2020,264,16211.42,23.17,32.33,2.9,0.38,0.25
1,2020,265,19924.29,24.11,33.94,2.92,0.37,0
1,2020,266,21895.56,21.89,35.44,2.63,0.29,0
1,2020,267,10422.8,22.44,28.67,2.54,1.18,29.71
1,2020,268,17826.95,22.83,32.94,2.81,0.96,0.75
1,2020,269,20039.13,23.39,33.94,2.75,0.38,0
1,2020,270,16053.41,23.11,32.61,2.68,0.88,1.01
1,2020,271,11876.36,21.22,28.39,2.63,0.53,29.96
1,2020,272,19661.8,21.67,32.44,2.94,0.54,0.25
1,2020,273,15973.97,22.67,31.44,2.88,0.97,35.3
1,2020,274,11059.17,22.44,29.44,2.69,0.92,22.61
1,2020,275,22536.25,22.44,33.56,2.74,0.55,0
1,2020,276,10573.9,23.72,29.33,2.58,0.81,0
1,2020,277,11894.13,23.39,31.78,2.81,0.6,0.25
1,2020,278,16528.31,22.56,33,2.79,1.34,0
1,2020,279,17639.58,21.83,32.28,2.62,0.64,0
1,2020,280,20514.03,24.89,34.78,2.76,0.48,4.83
1,2020,281,15031.07,23.67,31.44,2.56,1.1,5.08
1,2020,282,11955.44,22.67,30.56,2.66,1.35,27.42
1,2020,283,19967.46,22.61,33.56,2.73,0.45,0
1,2020,284,20251.54,22.28,32.78,2.57,0.83,22.35
1,2020,285,10250.11,23.94,30.5,2.62,0.5,0
1,2020,286,11775.84,23.39,28.61,2.56,1.4,0
1,2020,287,8451.52,22.56,31.11,2.74,0.34,0
1,2020,288,17370.18,22.83,32.11,2.69,0.75,0
1,2020,289,6864.49,24.22,33.39,2.77,0.79,1.78
1,2020,290,12807.67,23,30.44,2.59,0.83,19.56
1,2020,291,16603.43,23.33,31.94,2.73,0.79,0
1,2020,292,11724.89,23.61,31.28,2.69,0.35,0
1,2020,293,21709.05,22.72,34.56,2.7,0.36,0
1,2020,294,18959.81,23.72,33.83,2.87,0.75,2.28
1,2020,295,15768.47,23.67,32.61,2.84,0.36,0.25
1,2020,296,16707.91,23,32.44,2.75,1.2,4.07
1,2020,297,18129.16,23.22,33.83,2.81,0.92,4.32
1,2020,298,20229.95,23.72,32.56,2.7,0.6,0
1,2020,299,18146.29,22.72,33.78,2.63,1.39,0
1,2020,300,15531.13,25.67,34.22,2.51,1.73,0
1,2020,301,18783.66,24.83,33.94,2.73,1.58,0.25
1,2020,302,18531.53,25.33,33.94,2.71,1.47,0
1,2020,303,17395.22,24.44,34.17,2.76,1.27,0
1,2020,304,18881.23,24,34.56,2.66,1.1,0
1,2020,305,12034.87,24.11,32.78,2.89,1.02,19.3
1,2020,306,11509.03,23.33,29.22,2.76,0.63,4.04
1,2020,307,17549.78,23.22,31.5,2.83,0.31,0.51
1,2020,308,15214.71,25,32.11,2.95,1.37,0
1,2020,309,7202.1,23.89,28.22,2.68,0.41,0
1,2020,310,17744.06,24.11,31.94,2.92,1,0
1,2020,311,16377.2,24.44,32.89,2.93,0.97,0.5
1,2020,312,7665.52,23.67,26.44,2.54,0.85,11.93
1,2020,313,15182.18,23.67,32.5,3.05,0.4,0.25
1,2020,314,15153.68,23.83,33.11,3.01,0.45,0
1,2020,315,14732.32,23.89,32.39,3.03,1.1,21.58
1,2020,316,10984.05,23.89,30.28,2.95,0.73,1.01
1,2020,317,17322.69,23.78,33.06,3.01,0.93,8.12
1,2020,318,20065.03,22.78,31.61,2.68,0.92,0
1,2020,319,18610.97,23.06,33,2.88,0.63,2.03
1,2020,320,17448.75,23.33,33.28,2.94,0.77,7.62
1,2020,321,13566.65,23.44,30.89,2.8,1.43,3.81
1,2020,322,14653.74,22.94,31.94,2.87,0.8,1.25
1,2020,323,12505.46,24.22,30.89,2.88,1.19,0.25
1,2020,324,17524.74,24.5,32.94,2.85,1.41,0
1,2020,325,19600.49,22.89,33.11,2.66,1.6,0
1,2020,326,17452.21,23.56,32.5,2.68,0.73,0
1,2020,327,19686.84,22.78,33.22,2.65,1.02,0
1,2020,328,14962.86,23.67,30.44,2.56,0.94,0
1,2020,329,19150.63,22.67,32.78,2.81,0.98,0
1,2020,330,15585.41,23.72,31.78,2.87,0.6,3.56
1,2020,331,19172.22,22.33,32,2.72,1.27,7.37
1,2020,332,13962.98,23.94,31.17,2.77,1.41,0
1,2020,333,7406.43,22.83,27.28,2.52,0.64,2.79
1,2020,334,14930.91,22.17,31.44,2.72,0.53,0
1,2020,335,13981.11,23,31.56,2.83,0.77,0
1,2020,336,11304.39,23.11,29.94,2.72,0.5,16.49
1,2020,337,19509.83,22.67,32.06,2.94,1.23,0.25
1,2020,338,26098.87,23.5,33.28,2.79,1.3,0
1,2020,339,19353.54,22.67,33.5,2.59,1.65,0
1,2020,340,16985.08,24.33,33.06,2.56,1.08,0
1,2020,341,20711.76,23.44,33.17,2.78,0.85,0
1,2020,342,15290.11,23.39,31,3.08,0.49,0.25
1,2020,343,17870.12,23.22,31.33,3.13,0.64,11.94
1,2020,344,13387.05,23.06,29.11,2.9,0.4,1.77
1,2020,345,22993.02,22.5,31.72,3,0.87,0.5
1,2020,346,25096.4,22.5,32.72,2.75,1.51,0
1,2020,347,24709.57,22.78,33.11,2.67,1.38,0
1,2020,348,22221.08,21.78,33.11,2.55,1.37,0
1,2020,349,20081.44,21.44,33.67,2.39,0.83,0
1,2020,350,24151.78,22.39,33.06,2.6,1.04,0
1,2020,351,21936.14,22.89,33.67,2.74,1.12,0
1,2020,352,23791.71,22.5,33.11,2.67,1.53,0
1,2020,353,20780.84,22.94,32.56,2.93,0.74,5.84
1,2020,354,20233.41,22.39,32.67,2.76,1.4,0
1,2020,355,19621.21,22.44,33.61,2.56,1.3,0
1,2020,356,23438.56,21.61,34.06,2.53,1.43,0
1,2020,357,26684.3,22.61,34.89,2.65,1.35,0
1,2020,358,21919.74,22.56,34.5,2.73,1.39,0
1,2020,359,21398.21,23.89,34.11,2.57,1.75,0
1,2020,360,22822.91,21.89,34.56,2.57,1.7,0
1,2020,361,18428.78,24,34.94,2.64,1.84,0.51
1,2020,362,24817.5,23.94,34.39,2.65,1.96,0
1,2020,363,19131.63,24.06,34.89,2.6,1.5,0
1,2020,364,23018.92,23.11,33.94,2.43,1.16,0
1,2020,365,22531.93,23.06,34.11,2.61,1.19,0
1,2020,366,19492.56,22.89,32.33,2.68,1.55,1.27
