*-----------------------------------------------------------
*  Station Name: PCME
*  DSSAT Weather file - by https://github.com/jrodriguez88
*  Longitude: -73.475773 -- Latitude: 4.029664 -- Elevation: 315m
*-----------------------------------------------------------
*  Date: 2012-01-01 : 2021-12-31
*
*  Column    Daily Value
*     1      Station number
*     2      Year
*     3      Day
*     4      irradiance         KJ m-2 d-1
*     5      min temperature            oC
*     6      max temperature            oC
*     7      vapor pressure            kPa
*     8      mean wind speed         m s-1
*     9      precipitation          mm d-1
*-----------------------------------------------------------
-73.475773,4.029664,315,0,0
1,2017,1,17808.82,21.61,31.67,2.49,0.38,0
1,2017,2,20661.68,21,32.78,2.29,0.28,0
1,2017,3,22345.42,20.83,33.44,2.32,0.22,0
1,2017,4,20251.54,21.28,32.56,2.31,0.28,0
1,2017,5,15448.99,21.78,32.06,2.48,0.35,9.4
1,2017,6,10012.66,22.22,30.83,2.11,0.1,2.2
1,2017,7,11419.23,23,30.39,2.28,0.14,14
1,2017,8,13747.11,22.94,30.83,2.27,0.25,1
1,2017,9,18931.31,22.06,32.17,2.34,0.33,0
1,2017,10,19110.91,20.72,32.11,2.32,0.44,0
1,2017,11,15398.04,21.17,31.39,2.27,0.25,0
1,2017,12,17431.48,20.72,32.72,2.24,0.23,0
1,2017,13,20862.87,21.33,33.67,2.29,0.27,0
1,2017,14,15664.85,22.39,32.44,2.31,0.28,0
1,2017,15,14645.97,23.17,32,2.36,0.22,0
1,2017,16,20071.94,21.22,32.39,2.05,0.36,0
1,2017,17,17219.07,20.33,32.94,2.25,0.29,0
1,2017,18,18345.02,22.11,33.22,2.31,0.27,0
1,2017,19,18650.69,22.5,33.83,2.29,0.31,0
1,2017,20,16560.26,22.5,34.11,2.44,0.35,0
1,2017,21,12933.73,23.89,32.56,2.48,0.23,0.2
1,2017,22,20719.53,21.94,34.5,2.47,0.15,0
1,2017,23,19791.31,22.61,34.89,2.32,0.17,0
1,2017,24,19952.78,24.39,34.83,2.39,0.38,0
1,2017,25,11667.04,22.83,33.78,2.49,0.27,0
1,2017,26,13260.98,22.78,31.22,2.05,0.26,13.6
1,2017,27,8947.15,22.83,31.44,2.51,0.24,3.6
1,2017,28,12894.01,22.33,31.28,2.22,0.08,0
1,2017,29,20014.09,23.28,33.56,2.29,0.23,0
1,2017,30,13368.92,24.17,31.5,2.34,0.16,0.2
1,2017,31,11811.24,22.67,30.28,2.12,0.07,1
1,2017,32,17315.78,23.28,33.28,2.4,0.22,0
1,2017,33,18478,21.17,33.17,2.3,0.3,0
1,2017,34,16686.32,22.11,33.78,2.3,0.33,0
1,2017,35,19072.05,22.61,34.28,2.34,0.35,0
1,2017,36,22230.58,22.44,34.5,2.47,0.36,0
1,2017,37,19032.34,21.83,34.39,2.36,0.39,0
1,2017,38,21654.66,23.78,35.11,2.41,0.27,0
1,2017,39,21367.13,21.56,34.89,2.24,0.33,0
1,2017,40,22280.66,21.28,35.06,2.15,0.38,0
1,2017,41,18370.06,22.28,33.61,2.28,0.36,0
1,2017,42,17938.33,23.56,32.83,2.2,0.4,0
1,2017,43,16161.34,22.17,33,2.33,0.4,0
1,2017,44,15049.2,23.5,32.94,2.25,0.33,0
1,2017,45,16067.22,21.72,33.56,2.23,0.25,0
1,2017,46,16776.12,22.06,34.78,2.41,0.14,0
1,2017,47,18424.46,23.5,35.33,2.43,0.1,0
1,2017,48,14146.03,21.78,34.67,2.29,0.2,0
1,2017,49,18338.12,23.33,35.61,2.29,0.25,0
1,2017,50,13225.58,22.61,34.83,2.27,0.18,0
1,2017,51,19456.29,23.94,35.72,2.36,0.16,0
1,2017,52,20463.95,23.61,36.06,2.56,0.12,0
1,2017,53,11761.16,24.06,31.22,2.09,0.51,4.2
1,2017,54,12372.49,21.94,29.67,1.91,0.12,5.4
1,2017,55,17546.32,22.56,33.72,2.49,0.14,0
1,2017,56,18607.51,22.22,34.94,2.31,0.3,0
1,2017,57,16991.98,23.39,33.56,2.3,0.32,0
1,2017,58,10623.98,23.39,31.5,2.3,0.34,3.2
1,2017,59,22637.27,21.94,35.33,2.21,0.27,0
1,2017,60,21748.77,22.56,34.5,2.32,0.54,0
1,2017,61,21626.16,21.83,33.94,2.26,0.7,0
1,2017,62,18409.78,20,34.56,2.31,0.49,0
1,2017,63,10537.64,23.22,32.5,2.27,0.29,0.2
1,2017,64,9523.08,22.06,32.89,1.83,0.2,1.2
1,2017,65,13096.06,23.44,34.06,2.54,0.2,0.2
1,2017,66,10587.72,23.22,31.56,2.29,0.38,8.2
1,2017,67,7467.67,23.33,26.89,2.87,0.26,7.8
1,2017,68,11922.62,22.61,31.06,2.41,0.08,0.2
1,2017,69,12405.3,22.89,32.67,2.38,0.05,0
1,2017,70,10969.37,23.83,32.67,2.26,0.1,9.4
1,2017,71,7417.48,22.67,25.39,2.4,0.12,12.6
1,2017,72,17776.87,21.06,32.78,2.28,0.18,1.4
1,2017,73,20590.01,22.67,33.94,2.5,0.17,6.2
1,2017,74,21993.13,23.56,34.72,2.45,0.14,0
1,2017,75,21298.91,22.72,34.67,2.48,0.26,0
1,2017,76,20661.68,23.22,34,2.34,0.36,0
1,2017,77,15834.09,23.44,32.94,2.19,0.33,0
1,2017,78,8908.29,23.67,31.67,2.16,0.3,1
1,2017,79,6904.21,23,28.5,1.74,0.2,0
1,2017,80,13229.04,23,32.72,2.13,0.12,0
1,2017,81,7386.02,22.89,28.28,2.98,0.14,19.6
1,2017,82,15973.97,22.5,31.61,2.06,0.36,7.2
1,2017,83,19273.24,23.5,32.5,2.22,0.15,0
1,2017,84,16161.34,23.28,31.28,2.14,0.14,0
1,2017,85,9896.95,23.06,31.28,1.96,0.18,10
1,2017,86,17463.43,21.94,33,2.25,0.23,45.6
1,2017,87,19276.69,23.06,33.17,2.22,0.12,0.6
1,2017,88,13099.52,22.72,32.28,2,0.12,0.4
1,2017,89,19668.7,22.72,33.67,2.35,0.23,22.8
1,2017,90,16847.79,23,32.56,2.41,0.24,12.6
1,2017,91,15049.2,23.61,32.17,1.95,0.32,3.8
1,2017,92,23349.62,22.94,33.67,2.42,0.22,0
1,2017,93,22986.11,23.5,35,2.47,0.22,0
1,2017,94,21845.48,23.61,33.94,2.24,0.35,0
1,2017,95,20888.77,22.67,34.5,2.24,0.29,0
1,2017,96,18722.35,22.56,34.22,2.27,0.28,0
1,2017,97,17215.62,23.94,35.22,2.32,0.16,0
1,2017,98,17046.38,23.44,35.06,2.47,0.09,0
1,2017,99,13071.02,25.17,33.61,2.56,0.12,0
1,2017,100,7292.76,23.06,31.11,2.04,0.18,0.6
1,2017,101,11678.27,22.83,32.06,2.22,0.03,0
1,2017,102,6734.97,23.33,28.33,2.89,0.14,14.8
1,2017,103,18808.7,22.83,32.94,2.29,0.29,3.4
1,2017,104,7620.01,21.94,27.11,2.85,0.16,25.6
1,2017,105,14585.53,22.72,30.89,1.82,0.22,1.6
1,2017,106,6482.84,22.78,27.83,2.9,0.08,0.2
1,2017,107,15240.03,22.28,32.28,2.13,0.03,0
1,2017,108,10908.06,23.06,30.17,2.95,0.16,0
1,2017,109,18028.13,22.83,31,1.81,0.15,10.2
1,2017,110,18376.97,22.67,33.67,2.43,0.18,6
1,2017,111,8476.56,22.22,27.33,2.74,0.16,6
1,2017,112,21334.31,22,33.89,2.11,0.05,3
1,2017,113,17365.86,22.72,31,1.85,0.34,10.6
1,2017,114,17312.33,22.56,32.5,2.13,0.15,3.4
1,2017,115,22439.54,22.89,34.44,2.4,0.02,0.6
1,2017,116,11214.59,22.28,30.94,1.99,0.42,0.4
1,2017,117,21510.46,22.78,34.5,2.24,0.16,0.4
1,2017,118,17491.93,21.94,31.06,1.99,0.28,0.4
1,2017,119,13811.87,23.78,30.78,3.1,0.12,0.2
1,2017,120,10919.29,21.83,28.72,2.8,0.38,0.2
1,2017,121,17668.07,23.17,30.67,1.63,0.08,0.2
1,2017,122,13368.92,22.33,30,1.78,0.03,0.2
1,2017,123,7654.09,22.56,25.44,2.38,0.2,0.4
1,2017,124,23853.02,22.28,32.17,2.12,0.03,0.2
1,2017,125,8684.66,22.5,28.72,2.82,0.25,15.2
1,2017,126,16027.5,22.56,31.28,1.85,0.07,3.8
1,2017,127,14386.93,23,31.78,2.14,0.25,29.4
1,2017,128,11951.98,22.61,30.61,3,0.07,16.6
1,2017,129,19995.95,22.72,31.56,2.12,0.12,11.6
1,2017,130,10869.21,22.78,31.11,1.53,0.12,11.4
1,2017,131,16430.74,22.56,32.72,2.15,0.05,0
1,2017,132,13322.29,23.17,31.44,1.63,0,0
1,2017,133,16873.69,23.17,33.06,2.03,0.02,0
1,2017,134,7990.44,22.33,28.67,2.79,0.34,7.6
1,2017,135,13426.77,21.67,31.94,1.96,0.17,9
1,2017,136,19683.38,22,31.72,2.01,0.12,0
1,2017,137,14811.75,23.28,32.06,1.94,0.12,0
1,2017,138,22295.34,23.39,33.17,2.1,0.21,0
1,2017,139,21327.41,23.83,33.28,2.29,0.31,0
1,2017,140,14841.11,24.67,31.67,2.12,0.25,0.2
1,2017,141,19179.99,23.94,32.22,2.38,0.24,0
1,2017,142,7659.73,22.44,26.56,2.76,0.25,3.8
1,2017,143,11775.84,21.89,31.11,1.64,0.03,12.2
1,2017,144,7670.1,21.5,29.67,2.53,0.2,11.2
1,2017,145,21330.86,20.89,31.61,1.67,0.02,0.2
1,2017,146,20334.43,23.61,33.67,2.38,0.08,0
1,2017,147,20201.46,22.06,32.17,2.11,0.2,9
1,2017,148,16865.92,23.39,31.06,1.55,0.16,0.4
1,2017,149,20798.97,22.94,32.11,2.05,0.27,4.8
1,2017,150,16150.11,23.39,31.22,1.62,0.1,0
1,2017,151,13373.23,23.56,30.67,1.88,0.23,3
1,2017,152,15171.82,24,29.94,1.56,0.29,0
1,2017,153,16113.85,22.67,32.5,2.08,0.1,0
1,2017,154,10005.75,23.17,31.5,1.77,0.07,6.2
1,2017,155,9915.09,22.56,28.72,2.87,0.07,32.6
1,2017,156,21234.15,22.22,33.61,2.4,0.02,0.2
1,2017,157,12415.66,23.78,30.61,3.18,0.03,0
1,2017,158,7835.88,22.39,27.61,2.88,0.25,48
1,2017,159,7929.13,22.67,27.44,2.77,0.15,0
1,2017,160,15125.19,21.56,30.33,1.43,0.19,0
1,2017,161,18916.63,22.61,32.39,2.08,0.03,0
1,2017,162,15085.47,23.22,31.44,2.7,0.07,29.4
1,2017,163,12545.18,23.17,31.06,1.48,0.1,17.4
1,2017,164,6932.7,22.44,26.61,2.78,0.03,16.4
1,2017,165,16391.02,22.17,31.11,1.59,0.07,16
1,2017,166,12121.22,22.5,29.78,1.59,0.58,0.6
1,2017,167,18708.54,21.78,31.5,1.85,0.36,0
1,2017,168,6670.21,22.83,27.28,2.57,0,0
1,2017,169,19006.43,22.78,32.78,1.94,0.02,0
1,2017,170,13944.84,22.44,31.28,1.97,0.09,0.4
1,2017,171,9735.49,22.22,30.67,1.44,0.15,0.8
1,2017,172,14376.57,21.89,29.11,1.47,0.33,0
1,2017,173,14984.45,21.78,30.83,1.61,0.2,0.4
1,2017,174,17707.79,22.94,31.28,1.71,0.07,0
1,2017,175,8821.95,21.22,28.44,2.74,0.08,0
1,2017,176,16053.41,22.67,31.44,1.95,0,0
1,2017,177,6587.32,21.89,25.67,2.7,0.02,0.4
1,2017,178,14703.82,22.56,30.5,3.08,0.09,0.2
1,2017,179,20543.39,21.83,31.94,2.21,0.1,0
1,2017,180,15067.34,22.78,30.22,3,0.18,0.2
1,2017,181,14469.82,22.17,31.33,1.6,0.09,0
1,2017,182,9839.96,22.67,28.5,2.93,0.05,0.2
1,2017,183,9361.61,21.94,27.28,2.92,0.12,0.6
1,2017,184,15829.77,22.11,29.67,1.54,0.18,0
1,2017,185,20780.84,21.83,31.11,1.88,0.31,0
1,2017,186,14228.92,21.94,29.83,1.63,0.41,0
1,2017,187,14822.98,22.72,29.67,2.96,0.11,0
1,2017,188,16139.75,22.39,30.39,1.7,0.39,0.4
1,2017,189,11282.8,22.44,28.67,1.45,0.23,0
1,2017,190,13581.33,21.89,30.28,1.39,0.32,0.2
1,2017,191,13768.7,21.44,29.5,2.47,0.51,1.2
1,2017,192,8785.68,20.89,27.39,2.68,0.34,0
1,2017,193,10204.05,21.56,27.51,2.86,0.07,23
1,2017,194,17099.92,21.5,31.17,2,0.22,0
1,2017,195,18046.27,22.56,31.61,2.11,0.2,0
1,2017,196,15379.91,23.39,31.83,1.92,0.05,0
1,2017,197,13581.33,22,31.78,1.75,0.05,6.6
1,2017,198,14797.94,21.72,29.83,2.55,0.12,7.6
1,2017,199,8574.63,21.22,26.06,2.68,0.18,48.2
1,2017,200,13217.81,20.5,28.83,1.33,0.68,0.6
1,2017,201,12289.59,19.78,28.28,2.5,0.25,0.2
1,2017,202,14045.87,21.83,29.78,1.93,0.35,0
1,2017,203,12286.14,21.94,29.5,1.54,0.23,15.8
1,2017,204,11692.94,21.89,29.06,2.78,0.27,1
1,2017,205,16038.73,22.22,31.28,1.77,0.29,3.6
1,2017,206,9828.74,21.67,26.5,2.76,0.37,4.4
1,2017,207,8699.34,21.5,26.89,2.6,0.14,0.6
1,2017,208,12257.65,21.61,29.83,1.59,0.2,2.4
1,2017,209,8199.39,21.89,28.28,2.68,0.32,10.2
1,2017,210,7821.2,22.39,25.28,2.45,0.42,0.2
1,2017,211,11027.22,21.83,28.94,1.57,0.18,1
1,2017,212,13836.91,21.94,30.94,2.15,0.13,0
1,2017,213,15714.93,22.72,31.83,2.06,0.02,0
1,2017,214,18801.79,21.89,33.67,2.19,0,0
1,2017,215,17938.33,23.5,31.72,2.05,0.25,0.6
1,2017,216,10278.6,22.39,28.83,2.74,0.35,7.2
1,2017,217,6364.55,21.94,28.78,2.84,0.15,0.4
1,2017,218,17499.7,20.56,32.67,1.86,0.03,0.2
1,2017,219,18225.87,23.33,32.89,2.31,0.15,2.6
1,2017,220,16714.81,22.72,33.11,2.17,0.17,7.2
1,2017,221,20085.75,22.28,33.28,2.3,0.11,0
1,2017,222,10318.32,22.06,31,1.75,0.16,1.6
1,2017,223,17988.42,21.39,32.39,2.23,0.05,0.2
1,2017,224,19427.8,22.5,32,2.04,0.2,3.4
1,2017,225,23082.82,23.11,34.28,2.4,0.16,0
1,2017,226,23698.46,22.06,34.89,2.43,0.2,0
1,2017,227,10642.12,22.17,31.06,1.87,0.45,11.6
1,2017,228,11480.53,21.67,30.33,2.89,0.09,5.8
1,2017,229,20266.22,21.83,33.39,1.93,0.12,0
1,2017,230,21564.86,22.78,34.72,2.43,0.31,33.6
1,2017,231,7877.13,22.06,25.61,2.46,0.23,49.2
1,2017,232,16895.28,22.5,31.67,1.89,0.07,0.2
1,2017,233,19021.11,23.56,33.44,2.37,0.21,0.2
1,2017,234,18079.08,22.67,31.39,1.91,0.58,0
1,2017,235,23050.87,22.33,33.11,2.24,0.2,0
1,2017,236,12311.18,22.5,29.22,1.4,0.38,3.2
1,2017,237,16398.79,21.72,32.56,2.08,0.1,1.4
1,2017,238,23766.67,22,34.17,2.23,0.1,0
1,2017,239,14052.77,22.33,33.28,2.07,0.14,2
1,2017,240,16340.94,22.72,32.44,1.99,0.19,0.2
1,2017,241,11062.62,21.22,29.39,2.83,0.28,56.4
1,2017,242,20319.75,21.33,31.67,1.87,0.28,0.2
1,2017,243,21981.91,22.61,32.89,2.03,0.19,0
1,2017,244,22698.58,22.39,33.17,2.24,0.1,13.4
1,2017,245,11214.59,22.28,30.67,1.46,0.33,17.2
1,2017,246,18794.88,21.94,32.94,2.09,0.21,0
1,2017,247,24075.79,22.78,34.33,2.39,0.31,0
1,2017,248,21895.56,21.67,33.44,2.1,0.45,9.2
1,2017,249,20960.44,22.72,32.39,1.98,0.58,0
1,2017,250,22104.52,21.94,33.67,2.18,0.35,0
1,2017,251,9177.69,22.83,28.28,2.98,0.19,6
1,2017,252,13994.92,23.22,31.83,1.88,0.03,0
1,2017,253,19615.17,22.5,33.83,2.36,0.2,0
1,2017,254,20395.74,21.44,33.33,2.24,0.05,0
1,2017,255,8908.29,22.78,28.78,2.86,0.16,0
1,2017,256,16372.89,23.22,32.78,1.77,0.36,0
1,2017,257,11973.57,23,31.83,1.82,0.1,0.2
1,2017,258,11271.58,22.44,28.22,2.74,0.16,4.2
1,2017,259,13898.22,21.94,32.28,1.99,0.32,0.2
1,2017,260,20262.76,21.11,32.72,2.11,0.17,1
1,2017,261,17750.96,22.5,31.56,1.8,1,0.2
1,2017,262,22431.77,21.78,33.22,2.18,0.42,0
1,2017,263,21355.9,22.28,33.67,2.23,0.34,0
1,2017,264,14167.61,22.83,33.44,2,0.03,0
1,2017,265,20071.94,23.94,33.06,2.17,0.41,0
1,2017,266,11977.02,22,30.17,2.89,0.36,0.2
1,2017,267,6861.04,21.39,28.44,2.73,0.42,0
1,2017,268,23539.58,20.22,32.94,2.1,0.13,0
1,2017,269,17017.03,23.17,30.67,1.98,0.25,0.2
1,2017,270,24194.95,23,33.94,2.09,0.33,0
1,2017,271,18204.28,22.61,33.94,2.37,0.25,0.2
1,2017,272,15859.13,21.78,31.89,2.7,0.38,0
1,2017,273,14247.05,22.94,30.67,2.78,0.12,0
1,2017,274,12423.43,21.11,31.89,2.46,0.21,19.4
1,2017,275,24176.82,23.61,33.22,1.97,0.24,0
1,2017,276,19837.94,22.89,33.61,2.15,0.21,0
1,2017,277,7440.42,21.44,27.72,2.91,0.4,44.2
1,2017,278,20067.62,21.83,30.83,1.75,0.36,0
1,2017,279,17612.62,20.39,31.61,2.49,0.54,12.4
1,2017,280,11764.61,20.83,29.11,1.3,0.13,0
1,2017,281,23021.51,22.28,33.22,2.08,0,0
1,2017,282,16935.86,23.17,33.94,2.11,0.04,0
1,2017,283,20283.49,26.33,34.78,2.37,0.04,0
1,2017,284,19287.92,23.33,31.72,1.91,0.06,0
1,2017,285,21814.4,22.61,33.94,2.24,0,0
1,2017,286,7560.44,21.72,30.33,2.99,0.08,0.4
1,2017,287,6901.62,22.61,31.61,2.79,0.03,10.4
1,2017,288,12692.83,24.39,29.11,2.98,0,0
1,2017,289,20500.21,24.17,30.33,3.06,0.15,1
1,2017,290,22921.35,22.17,33.28,1.93,0.19,26.6
1,2017,291,25031.64,22.67,33.83,1.86,0.17,0
1,2017,292,14899.28,24.89,33.28,2.15,0,0
1,2017,293,9418.6,23.11,28.33,2.88,0.4,12
1,2017,294,16703.59,23.11,30.39,3.11,0.19,2
1,2017,295,19396.71,24.17,31.83,1.84,0.11,0
1,2017,296,17251.02,22.61,32.06,1.67,0.07,0
1,2017,297,14229.78,22.06,32.33,1.98,0.08,0.6
1,2017,298,17840.76,22.89,31.06,2.59,0,0.2
1,2017,299,21564.86,23.22,32.78,1.82,0,0
1,2017,300,18701.36,24.94,34.17,2.27,0.03,0.4
1,2017,301,21170.26,22.67,32.89,1.67,0.29,0
1,2017,302,11885.5,22.39,29.67,2.65,0,0
1,2017,303,14081.48,23.61,30.89,3.16,0.03,0
1,2017,304,13561.47,22.33,33.06,1.94,0.05,0
1,2017,305,20319.75,23.17,32.5,1.55,0.32,0
1,2017,306,17546.13,24.5,33.61,2.12,0.16,150
1,2017,307,20895.56,22.28,33.72,1.76,0.47,9.8
1,2017,308,7665.78,21.11,27.56,2.7,0.02,49
1,2017,309,13368.05,21.94,30.72,2.92,0,0
1,2017,310,25274.27,22.5,31.28,2.88,0,0
1,2017,311,18113.64,23.67,33.28,2.17,0,0
1,2017,312,22518.11,21.78,34.78,2.1,0,0
1,2017,313,22554.38,22.22,34.06,1.96,0.1,0
1,2017,314,21101.18,23.56,34.28,2.1,0.16,0
1,2017,315,12375.94,23.5,32.28,1.56,0.07,0
1,2017,316,15718.38,22.44,32,2.67,0.03,0
1,2017,317,17797.59,23.22,33.39,1.99,0.08,0
1,2017,318,8803.82,22.67,28.11,2.53,0.05,0.2
1,2017,319,17556.69,22.56,33.44,1.74,0.02,0
1,2017,320,15446.4,22,30.67,2.84,0.02,26.8
1,2017,321,14473.28,22.94,32.72,2.59,0.03,0.2
1,2017,322,15905.76,23.61,33.28,1.74,0,0
1,2017,323,14160.71,23.39,32.06,2.8,0.03,4.4
1,2017,324,18899.36,22.61,32.44,1.77,0.15,0
1,2017,325,21608.03,21.67,33.94,2.07,0.03,0
1,2017,326,21129.67,21.44,34.44,2.04,0.1,0
1,2017,327,15509.43,23.39,33.78,2.14,0.26,0
1,2017,328,19726.56,21.39,33,1.86,0.15,15.8
1,2017,329,16118.17,21.89,32.5,1.5,0.07,18.8
1,2017,330,10447.84,22.94,31.61,2.98,0.03,3.2
1,2017,331,14482.78,23.22,31.83,1.74,0.08,0
1,2017,332,19888.02,22.72,33.17,2.04,0.11,0
1,2017,333,21140.04,21.28,33.83,2.13,0.15,0
1,2017,334,20859.41,22.11,34.11,2.07,0.08,0
1,2017,335,21179.75,21.94,34.17,2.07,0.24,0
1,2017,336,20291.26,22.17,34.72,1.99,0.24,0
1,2017,337,17701.64,23.11,33.33,1.99,0.09,0
1,2017,338,12541.72,22.78,32,3.04,0.16,16.6
1,2017,339,19780.09,21.33,33.06,1.62,0.22,0
1,2017,340,18042.81,21.11,33.5,2.1,0.18,0.2
1,2017,341,13894.76,23.56,32.39,1.82,0.16,0
1,2017,342,15743.42,23,32.94,2.17,0.16,0
1,2017,343,18909.72,21.17,33.78,2,0.2,0
1,2017,344,19122.14,20.78,33.89,2.1,0.2,0
1,2017,345,15328.97,21.33,35.61,2.3,0.1,0.4
1,2017,346,20242.05,23.14,33.59,2.64,0.1,0
1,2017,347,16295.14,23.15,30.75,2.97,0.07,5
1,2017,348,9037.73,25.57,28.18,2.72,0.4,0
1,2017,349,12441.33,22.27,28.8,2.98,0.28,0
1,2017,350,13512.9,24.07,31.4,2.96,0.48,0
1,2017,351,18856.32,22.15,32.2,2.89,0.74,0
1,2017,352,20321.84,21.86,32.4,2.75,0.59,0.2
1,2017,353,16889.09,20.72,32.2,2.73,1.55,0.25
1,2017,354,14993.84,22.85,31.2,2.75,1.51,0
1,2017,355,16068.47,21.97,31.2,2.57,1.17,0
1,2017,356,19156.65,21.85,33,2.71,1.48,0
1,2017,357,17854.4,23.31,33,2.82,1.64,0
1,2017,358,19872.09,22.4,33.2,2.49,1.76,0
1,2017,359,16553.95,22.45,31.6,2.58,1.6,0.2
1,2017,360,17978.55,21.25,32.2,2.88,1.56,0
1,2017,361,19435.99,21.79,33.4,2.39,1.22,0
1,2017,362,18711.43,21.65,33,2.85,1.05,0
1,2017,363,17239.12,21.01,32,2.69,0.95,0
1,2017,364,20308.79,22.76,33,2.96,1.11,0.2
1,2017,365,18169.86,21.28,30.89,2.84,0.03,5
