*-----------------------------------------------------------
*  Station Name: PCME
*  DSSAT Weather file - by https://github.com/jrodriguez88
*  Longitude: -73.475773 -- Latitude: 4.029664 -- Elevation: 315m
*-----------------------------------------------------------
*  Date: 2012-01-01 : 2021-12-31
*
*  Column    Daily Value
*     1      Station number
*     2      Year
*     3      Day
*     4      irradiance         KJ m-2 d-1
*     5      min temperature            oC
*     6      max temperature            oC
*     7      vapor pressure            kPa
*     8      mean wind speed         m s-1
*     9      precipitation          mm d-1
*-----------------------------------------------------------
-73.475773,4.029664,315,0,0
1,2012,1,20309.39,20.11,32.17,2.9,1.12,0
1,2012,2,19244.75,21.61,32.11,2.95,1.06,0
1,2012,3,20384.51,23.06,32.39,3.06,1.1,0
1,2012,4,18769.84,23.28,32.17,3.07,1.19,0
1,2012,5,18077.58,22.5,32.39,3.11,0.7,0
1,2012,6,21726.32,22.56,32.33,2.96,1.36,0
1,2012,7,22496.53,21.33,32.67,2.91,1.1,0
1,2012,8,21791.95,21.17,32.5,2.93,1.21,0
1,2012,9,17840.76,21.5,32.33,3.01,1.28,0
1,2012,10,12941.5,22.33,31.33,2.96,1.19,0
1,2012,11,17434.94,23.78,32.56,2.96,1.64,0
1,2012,12,17733.7,20.83,32.89,2.93,1.47,0
1,2012,13,20867.18,22.56,33.33,2.93,1.22,0
1,2012,14,22144.24,20.72,32.5,2.86,1.39,0
1,2012,15,22828.1,19.83,32.94,2.82,1.51,0
1,2012,16,14016.51,19.83,32.06,2.87,0.78,0
1,2012,17,23194.2,18.67,33.39,2.6,1.5,0
1,2012,18,22823.78,18.94,34.22,2.67,1.12,0
1,2012,19,21639.98,18.83,34.11,2.78,1.53,0
1,2012,20,17988.42,21.61,32.5,2.92,1.78,0
1,2012,21,17121.5,20.94,33.17,2.74,1.59,0
1,2012,22,20377.6,20.33,33.44,2.67,1.38,0
1,2012,23,21129.67,21.22,33.56,2.79,1.61,0
1,2012,24,17006.66,20.61,32.67,2.81,1.6,0
1,2012,25,15246.94,20.61,32.5,2.67,1.68,0
1,2012,26,20359.47,21.94,33.78,2.76,1.64,0
1,2012,27,16679.41,21.89,31.67,2.69,1.85,0
1,2012,28,15052.66,20.72,31.72,2.6,1.87,0
1,2012,29,13534.7,20.56,32,2.56,1.45,0
1,2012,30,18798.34,20.83,34.33,2.78,1.71,0
1,2012,31,8382.45,22.06,30.28,3.12,1.59,7
1,2012,32,8066.13,22,26.06,2.88,0.39,5.4
1,2012,33,12793.85,22.89,30.89,3.27,0.72,0.8
1,2012,34,15859.99,20.83,31,3.19,0.75,0.6
1,2012,35,20703.99,23.33,32.72,3.22,1.47,1.4
1,2012,36,19967.46,22.22,33.5,3.13,1.18,0.8
1,2012,37,18301.85,21.67,33.11,2.93,1.06,0
1,2012,38,19866.44,23.44,33.06,3.02,1.12,0
1,2012,39,21032.1,21.06,32.5,2.81,1.54,0
1,2012,40,21450.02,19.67,32.22,2.65,1.53,0
1,2012,41,24022.26,18.11,32.89,2.57,1.4,0
1,2012,42,23989.45,18.17,33.78,2.66,1.08,0
1,2012,43,19686.84,21.11,32.89,2.79,1.36,0
1,2012,44,18805.25,22.11,32.83,2.87,1.27,0
1,2012,45,24334.83,20.83,33.78,2.73,1.1,0
1,2012,46,21158.17,21.33,34.17,2.8,1.15,0
1,2012,47,16985.08,20.22,32.78,2.64,1.38,0
1,2012,48,24083.56,19.56,33.56,2.66,1.66,0
1,2012,49,18693.86,20.44,34.33,2.74,1.35,0
1,2012,50,16981.62,23.94,33.44,2.98,1.67,0
1,2012,51,20050.35,21.44,33.78,2.66,2.4,0
1,2012,52,24719.93,18.11,34.39,2.63,2.5,0
1,2012,53,23773.58,19.67,34.5,2.63,2.31,0
1,2012,54,23378.12,20.33,35,2.65,1.82,0
1,2012,55,17754.42,20.33,35.28,2.66,1.91,0
1,2012,56,11789.65,22.89,32.78,3.08,0.56,0.8
1,2012,57,8886.71,23,30.39,3.3,0.64,1.2
1,2012,58,12182.53,22.44,31.22,3.29,0.55,0
1,2012,59,22662.31,22.06,32.89,3.11,1.62,0.2
1,2012,60,23669.1,21.5,34.06,2.97,1.68,0
1,2012,61,21545,20.5,33.11,2.84,2.21,0
1,2012,62,19693.74,20.78,33.44,2.72,1.7,0
1,2012,63,6792.82,22.61,29.39,2.92,0.37,0
1,2012,64,7674.45,22.39,25.06,2.76,1.3,0
1,2012,65,15834.09,22.22,32,3.11,0.49,0
1,2012,66,8192.8,22.78,26.83,2.96,0.66,0
1,2012,67,15999.01,23.06,31.56,3.2,0.92,0
1,2012,68,11401.1,23.5,31.22,3.09,0.64,0
1,2012,69,18733.58,23.67,34,3.18,1.26,0
1,2012,70,9111.21,21.78,31.83,3.06,1.33,0
1,2012,71,22727.07,21.56,35.22,3.19,0.88,0
1,2012,72,9602.51,23.11,29.56,3.17,0.71,0
1,2012,73,11235.31,22.89,30.17,3.12,0.35,0
1,2012,74,14876.51,22.78,32.11,3.24,0.87,0
1,2012,75,19331.09,22.83,32.17,3.31,1.51,0
1,2012,76,7633.83,22.89,30.06,3.21,0.25,0
1,2012,77,11949.39,22.5,28.78,3.1,0.63,0.2
1,2012,78,8256.38,22.5,27.44,3.02,0.95,0
1,2012,79,13886.99,22.33,30.28,3.15,0.4,0.2
1,2012,80,8379.86,22.17,27.83,3.06,0.51,0
1,2012,81,20706.58,22.06,30.78,3.15,0.9,0
1,2012,82,18895.05,22.61,32.11,3.43,1.17,0
1,2012,83,16405.7,22.22,27.94,3.07,1.28,0.4
1,2012,84,16258.05,22.33,29.39,3.09,0.86,0
1,2012,85,16233.01,22.83,32,3.34,0.51,0.2
1,2012,86,11095.43,22.33,31.72,3.36,0.63,0.2
1,2012,87,12034.87,22.67,29.06,3.16,0.41,0
1,2012,88,8260.7,22,28.78,3.14,0.83,0.2
1,2012,89,15891.08,22.72,29.94,3.27,0.56,0
1,2012,90,13886.13,22.33,30.44,3.24,1.35,0
1,2012,91,18625.65,22.94,30.11,3.16,0.85,0
1,2012,92,10023.02,22.94,30.06,3.27,0.64,0.2
1,2012,93,8108.01,22.94,26.89,3.09,0.28,0
1,2012,94,9434.14,21.94,27.17,3.02,0.5,0
1,2012,95,12951.87,22.67,27.94,3.09,0.26,0
1,2012,96,15320.33,23.06,29.5,3.2,0.81,0
1,2012,97,9746.71,22.83,28.44,3.13,0.28,0
1,2012,98,10044.6,23.11,28.44,3.18,0.86,0
1,2012,99,20949.21,22.5,30.83,3.28,0.46,0
1,2012,100,7402.42,23.5,27.28,3.11,0.72,0
1,2012,101,11444.27,22.83,28.28,3.14,0.21,0.2
1,2012,102,15751.2,23.67,30.5,3.46,0.45,8.8
1,2012,103,17974.6,23.17,30.78,3.35,0.81,0
1,2012,104,22295.34,22.83,31.22,3.23,0.63,0
1,2012,105,6997.46,22.83,27.89,3.12,0.34,4
1,2012,106,25277.73,22.17,32.94,3.22,0.42,0.2
1,2012,107,16987.67,22.56,33.06,3.41,0.69,0
1,2012,108,18783.66,21.61,30.67,3.08,0.92,12.4
1,2012,109,20759.25,22.11,31.72,3.27,0.82,0.8
1,2012,110,10437.88,23,29.67,3.31,0.77,0.8
1,2012,111,17776.87,23.11,30.67,3.23,0.88,17.8
1,2012,112,16909.09,22.72,30.89,3.38,0.8,27.6
1,2012,113,8624.22,21.56,25.67,2.86,0.64,25.4
1,2012,114,13493.25,23.28,28.94,3.12,0.53,0
1,2012,115,25750.04,23,30.67,3.03,0.83,1.2
1,2012,116,12596.12,23.89,30.89,3.36,0.87,1
1,2012,117,13912.03,22.83,30.39,3.28,0.34,0
1,2012,118,15765.01,23.44,30.78,3.14,1.33,0
1,2012,119,16326.26,23.44,30.28,3.11,1.07,0.2
1,2012,120,20553.75,22.78,30.44,2.95,1.27,0
1,2012,121,20301.62,22.44,31.5,3.11,0.6,0.6
1,2012,122,16514.49,23.61,31.44,3.23,0.63,0
1,2012,123,11721.44,21.67,31.28,3.27,0.75,13.2
1,2012,124,15395.45,23.39,30.61,3.17,0.85,0
1,2012,125,15425.67,23.17,30.39,3.21,0.94,2
1,2012,126,22866.95,22.44,31.28,3.15,0.37,0
1,2012,127,9516.17,22.78,27.78,3.05,0.39,11.6
1,2012,128,14280.73,23.22,28.67,3.13,0.71,0.2
1,2012,129,17020.48,23.06,29.72,3.09,0.63,1.6
1,2012,130,9037.81,21.5,27.78,3.03,0.58,19.2
1,2012,131,6791.1,21.78,27.5,3.06,0.27,2.8
1,2012,132,17305.42,22.22,29.94,3.09,0.95,0.2
1,2012,133,8419.19,26.28,27.61,2.9,0.4,0
1,2012,134,16514.54,23.73,32.13,3.02,1.19,0
1,2012,135,13878.24,23.99,31.15,2.9,1.32,7
1,2012,136,18347.24,23.57,32.57,2.9,1.42,0
1,2012,137,12364.3,23.94,30.14,2.63,1.49,7
1,2012,138,10810.6,25.13,28.93,2.85,1.12,3.4
1,2012,139,13947.01,24.29,30.73,3.14,1.2,6.59
1,2012,140,16254.08,22.1,31.32,2.71,1.09,0
1,2012,141,12825.75,23.3,29.75,3.06,1.27,0
1,2012,142,12538.13,21.71,29.48,2.38,1.58,12.6
1,2012,143,19479.9,22.11,32.91,2.71,1.16,3.4
1,2012,144,14711.77,21.41,30.63,2.63,1.49,0
1,2012,145,19476.15,23,29.17,2.91,0.79,1.4
1,2012,146,23006.83,21.72,30.22,3.04,0.6,9.8
1,2012,147,15556.92,24,30.56,3.35,0.6,0.4
1,2012,148,20337.88,23,31.11,3.29,0.95,8.4
1,2012,149,6965.51,22.5,31.33,3.5,0.8,24.6
1,2012,150,16176.88,21.83,30.78,3.28,0.52,2.8
1,2012,151,12995.04,22.22,30.61,3.24,0.85,3.2
1,2012,152,14620.93,23.17,29.67,3.18,0.4,0.6
1,2012,153,9383.2,22.56,27.44,3.07,0.6,17.6
1,2012,154,8350.5,21.44,26.17,2.82,0.72,12.4
1,2012,155,21032.1,21.78,28.94,2.96,0.9,0
1,2012,156,20514.03,22.17,30.06,3.01,0.86,0
1,2012,157,19942.42,22.78,30.39,3.04,0.85,0
1,2012,158,17966.83,23,30.72,3.25,0.91,0.2
1,2012,159,16378.07,20.89,30,3.13,0.61,40
1,2012,160,13883.54,21.5,27.89,2.92,0.32,0.2
1,2012,161,16960.9,22.83,28.33,3.04,0.78,7.2
1,2012,162,16244.23,22.06,29.83,3.01,0.91,3.2
1,2012,163,13779.06,22.56,29.28,3.07,1.27,1.4
1,2012,164,16255.46,22.67,29.44,3.1,0.51,1.4
1,2012,165,11923.49,23.28,29.78,3.21,0.46,9.4
1,2012,166,8010.03,21.72,25.94,2.87,0.45,9.8
1,2012,167,21420.66,21.67,29.94,3.11,0.51,2.8
1,2012,168,16030.09,22.78,29.33,3.13,0.85,0.2
1,2012,169,23115.63,22.5,30.44,3.12,1.06,0
1,2012,170,11070.39,21.78,30.44,3.26,0.64,4
1,2012,171,18863.1,21.22,30.11,3.05,0.24,0.2
1,2012,172,23007.69,21.44,32.28,3.16,0.27,0
1,2012,173,8548.23,22.22,27.94,3.05,0.64,55.2
1,2012,174,18826.83,21.17,30.67,3.07,0.8,62.6
1,2012,175,15024.16,21.5,28.67,3,0.34,25.6
1,2012,176,20284.35,22.5,29.5,3.12,0.52,0
1,2012,177,12157.48,22.72,28.5,3.12,0.37,0.4
1,2012,178,10447.84,21.17,26.5,2.84,0.35,12.6
1,2012,179,15020.71,21.28,29.06,2.91,0.24,0
1,2012,180,12937.19,21.28,29.78,3.13,0.35,33.8
1,2012,181,19672.16,22.44,28.67,3.01,0.48,0.2
1,2012,182,12214.47,22.28,27.33,2.98,0.45,0.6
1,2012,183,15793.51,21.56,29.72,3.07,0.76,23.8
1,2012,184,13416.41,21.39,27.67,2.9,0.54,16.8
1,2012,185,17053.29,23.06,30.11,3.12,0.15,0.6
1,2012,186,16448.87,22.33,30.44,3.19,0.37,0
1,2012,187,18182.69,22.5,31,3.2,0.43,4.4
1,2012,188,12279.23,22.28,28.44,3.08,0.53,20.2
1,2012,189,12491.64,22.44,28,3.02,0.27,0.2
1,2012,190,14650.29,23,28.94,3.15,0.67,0.2
1,2012,191,19118.68,21.56,28.83,2.97,1.07,52
1,2012,192,7454.23,21.22,28.94,3.14,0.55,44.8
1,2012,193,10429.71,21.17,28,3.02,0.41,1.8
1,2012,194,12318.95,22.44,28.67,3.08,0.38,21
1,2012,195,7789.25,21.56,26.72,2.95,0.3,19.2
1,2012,196,12696.28,21.94,27.5,2.91,1.49,22.8
1,2012,197,18177.51,21.06,29.22,2.77,1.13,0
1,2012,198,13698.76,22.56,29.61,2.95,0.29,0
1,2012,199,16545.58,22.72,29.39,3.14,0.19,1.2
1,2012,200,12655.7,23.06,31,3.27,0.28,4
1,2012,201,7260.82,20.44,25,2.69,0.54,9.2
1,2012,202,21712.51,21.94,30.33,3.11,0.34,0
1,2012,203,21935.28,22.33,31.56,3.2,0.6,6.8
1,2012,204,16538.67,23.33,30.22,3.21,0.36,0.2
1,2012,205,8948.92,21.94,27.28,3.03,0.54,37.4
1,2012,206,16506.72,22.78,30,3.13,0.42,0.2
1,2012,207,13134.92,21.22,30.56,3.16,0.64,6.8
1,2012,208,13182.41,22.22,29.94,3.12,0.52,0.8
1,2012,209,14240.15,21.89,29.94,3.06,0.56,13.6
1,2012,210,20241.18,22.67,32.33,3.26,0.33,0
1,2012,211,11544.43,24.22,32.56,3.2,0.24,0.8
1,2012,212,23602.62,21.94,30.67,3.07,0.6,0.2
1,2012,213,13282.57,22.44,28.61,2.92,0.26,0.6
1,2012,214,17916.75,22.89,31,3.07,0.38,0
1,2012,215,27163.52,22.28,32.67,2.93,0.81,0
1,2012,216,18229.32,23.11,32.89,3.13,0.6,0
1,2012,217,11264.67,22.67,29.83,3.06,0.31,0
1,2012,218,12829.26,21.61,30.06,3.11,0.46,0.6
1,2012,219,19909.61,23.22,31.28,3.21,0.24,1.8
1,2012,220,14879.97,22.56,32.94,3.48,0.82,58.6
1,2012,221,8518.01,22.06,26.33,2.89,0.42,3
1,2012,222,9130.2,21.89,29,3.06,0.28,0
1,2012,223,17891.52,22.81,32.09,2.99,1.21,48
1,2012,224,11456.3,22.15,29.59,2.6,1.23,0.2
1,2012,225,12875.98,22.08,29.64,2.67,1.22,3.6
1,2012,226,15379.57,22.73,31.33,2.87,1.29,0
1,2012,227,16581.11,23.71,32.37,2.87,1.15,20
1,2012,228,10896,23.67,29.33,3.27,0.11,0
1,2012,229,14369.66,23,27.33,2.95,0.91,1
1,2012,230,10127.5,20.78,26.67,2.8,0.93,21.6
1,2012,231,20219.59,22.17,33.06,3.25,0.34,0
1,2012,232,19553.86,23.72,31.44,3.22,0.22,0.2
1,2012,233,10009.2,22.39,27.72,2.96,0.45,9.4
1,2012,234,16334.03,22.5,33.06,3.34,0.1,0
1,2012,235,13459.58,22.5,31.28,3.24,0.48,9.6
1,2012,236,22514.66,22.39,32.89,3.15,0.67,0
1,2012,237,15959.29,22.61,31.78,3.29,0.4,21.4
1,2012,238,10009.2,22.67,28.72,3.14,0.52,1.2
1,2012,239,12116.9,21.17,28.94,3.03,0.77,10.2
1,2012,240,8835.76,21.06,27.22,2.81,0.63,1.8
1,2012,241,20510.58,21.5,32.17,3.15,0.15,0.2
1,2012,242,12837.03,22.78,31.06,3.27,0.81,6.6
1,2012,243,9746.71,21.72,30.28,3.11,0.52,0.2
1,2012,244,11908.81,21.94,28.83,2.95,0.51,2.4
1,2012,245,20046.9,21.33,31.22,3.08,0.44,0
1,2012,246,11300.93,22.83,28.78,3.08,0.71,8
1,2012,247,12415.66,22.22,28.72,2.98,0.62,5.4
1,2012,248,17780.32,22,31.61,3.12,0.73,0
1,2012,249,19572,21.72,32.72,3.2,0.46,29.2
1,2012,250,14833.34,21.83,28.67,3,0.7,17.4
1,2012,251,25116.26,21.17,34.44,3.21,0.22,0
1,2012,252,16506.72,21.83,31.78,3.28,0.85,9.4
1,2012,253,24403.04,21.06,34.67,3.39,0.8,42.8
1,2012,254,20007.18,20.78,33.33,3.22,0.32,0
1,2012,255,17524.74,22.72,31.89,3.22,0.47,0.8
1,2012,256,13898.22,22.06,30.94,3.16,0.63,0.4
1,2012,257,17970.28,21.78,32.22,3.12,0.78,0.4
1,2012,258,21942.19,22.17,31.06,2.98,1.04,0
1,2012,259,18452.96,22.39,32.44,3.19,0.45,0
1,2012,260,19618.62,22.33,33.17,3.25,0.32,0
1,2012,261,11520.25,22.22,29.06,3.07,0.96,1
1,2012,262,19072.05,22.44,34.44,3.33,0.18,0.2
1,2012,263,21672.79,22,33.44,3.26,0.59,0.6
1,2012,264,23522.32,22.56,33.28,3.27,1.06,0
1,2012,265,20784.29,22.5,32.39,3.24,0.68,0
1,2012,266,17478.98,22.28,33.56,3.33,0.96,0
1,2012,267,19255.11,22.67,33.5,3.3,0.78,15
1,2012,268,17225.98,21.94,30.39,3.14,0.86,8
1,2012,269,16157.02,22.72,30.78,3.17,0.55,0.2
1,2012,270,16093.13,23.67,32.72,3.32,0.27,0
1,2012,271,8385.9,22.33,27.89,2.98,0.76,3
1,2012,272,16326.26,21.89,29.83,3.04,0.7,0.2
1,2012,273,13919.8,22.17,29.83,3.11,0.6,2.6
1,2012,274,13545.93,22.11,31.5,3.39,0.68,24.8
1,2012,275,21273.87,21.61,32.56,3.22,0.26,0.2
1,2012,276,21996.59,22.83,30.28,3.07,1.14,0
1,2012,277,23378.12,21.5,33.39,3.16,1.04,0
1,2012,278,16161.34,22.83,33.17,3.45,0.72,29.8
1,2012,279,11839.73,23.22,31.22,3.37,0.46,0
1,2012,280,6760.01,21.89,27.17,2.91,0.64,73.2
1,2012,281,15423.08,22.72,31.67,3.23,0.58,0
1,2012,282,16031.82,22.67,30.78,3.12,0.85,0.8
1,2012,283,24133.64,21.5,33.28,3.15,0.29,0
1,2012,284,22421.41,22.11,33.39,3.23,0.98,0
1,2012,285,23630.25,23.22,34.11,3.35,0.89,0
1,2012,286,11757.45,21.72,30.33,3.21,0.56,64
1,2012,287,23216.65,21.83,32.11,3.14,0.45,0
1,2012,288,12940.64,23.22,32.39,3.36,0.24,0
1,2012,289,25050.64,23.11,34.11,3.29,0.65,1.2
1,2012,290,16664.73,22.83,31.78,3.27,0.49,0.2
1,2012,291,18924.4,22.83,32.44,3.21,0.67,31.4
1,2012,292,8954.06,22.17,30.94,3.18,0.73,2.2
1,2012,293,19844.85,22.61,32.78,3.25,0.38,0
1,2012,294,17629.22,22.5,32.94,3.32,0.42,21
1,2012,295,7271.18,22.28,31.5,3.21,0.43,8.2
1,2012,296,16131.98,23.56,32.94,3.39,0.53,0
1,2012,297,13797.19,23,32.61,3.25,0.26,0
1,2012,298,21151.26,22.72,34.67,3.3,0.36,0
1,2012,299,11420.09,21.83,30.39,3,0.32,0.2
1,2012,300,22788.38,22.78,34.39,3.2,0.21,0
1,2012,301,22816.87,23.06,34.83,3.25,0.28,0
1,2012,302,18856.19,20.94,33.06,3.19,1.06,27.6
1,2012,303,20172.1,23.33,31.28,3.05,0.51,0
1,2012,304,19935.51,22.56,31.72,3.07,0.63,0.2
1,2012,305,22153.74,22.94,33.17,3.11,0.71,0
1,2012,306,21852.39,23.33,32.61,3.18,0.92,0
1,2012,307,16085.35,23.56,33.33,3.33,0.78,2.4
1,2012,308,14664.2,21.72,30.44,3.12,0.99,46
1,2012,309,10929.65,20.39,28.94,2.83,0.41,0.6
1,2012,310,20276.58,21.89,31.67,3.04,0.61,0.2
1,2012,311,16913.41,22.78,33.06,3.22,0.81,0
1,2012,312,15418.76,23.28,31.33,3.21,0.63,1.6
1,2012,313,10087.78,23.33,32.83,3.27,0.52,0
1,2012,314,18643.78,23.94,33,3.28,0.91,0
1,2012,315,16905.64,23.22,33.72,3.36,0.52,0
1,2012,316,14750.45,23.11,30.89,3.1,0.7,0.4
1,2012,317,10149.08,22.94,29.94,3.07,0.26,15
1,2012,318,14952.5,23.22,31.06,3.18,0.31,10
1,2012,319,17830.4,22.89,32.28,3.16,0.95,3
1,2012,320,13538.15,22.17,32.06,3.21,0.73,19.2
1,2012,321,9278.72,22.72,29.5,3.04,0.39,26.4
1,2012,322,22344.56,22.17,32.39,3.05,1.04,0.2
1,2012,323,21521.68,22.5,32.67,3.07,0.9,0
1,2012,324,19255.11,22.67,32.28,3.08,0.85,0.2
1,2012,325,19844.85,22.28,33.11,3.14,0.61,0
1,2012,326,17918.86,22.89,32.3,3.41,0,0
1,2012,327,20018.38,23.31,33.75,2.88,1.16,1.2
1,2012,328,17425.7,22.8,32.28,2.91,1.47,0
1,2012,329,17220.76,23.4,33,2.82,1.67,10
1,2012,330,18112.66,22.4,33.4,2.95,1.94,0
1,2012,331,14827.46,23.4,31,2.71,1.48,0.2
1,2012,332,18645.48,23.8,32.4,2.92,1.66,0
1,2012,333,15102.08,23.4,32,2.8,1.52,0
1,2012,334,16032.42,23,31.8,2.51,1.27,0
1,2012,335,16032.42,23,31.8,2.51,1.49,1
1,2012,336,16319.12,24,32,2.94,1.35,0
1,2012,337,14439.25,24.4,31.6,3.19,1.39,0
1,2012,338,17725.22,23.4,32.2,2.97,1.55,0
1,2012,339,16322.59,24,31.6,2.98,1.79,0
1,2012,340,16588.19,24,32.6,3.2,1.69,0
1,2012,341,19925.46,22.2,32.8,2.86,1.57,0
1,2012,342,20227.75,22.8,33.5,2.73,1.36,0
1,2012,343,20436.94,22.8,33.6,2.63,1.49,5
1,2012,344,15716.08,24.6,33.6,2.93,1.4,5
1,2012,345,15622.6,23.6,33.6,2.95,1.33,0
1,2012,346,20371.9,22.8,33.4,2.77,1.55,0
1,2012,347,20371.9,22.8,33.4,2.77,1.87,0
1,2012,348,18602.26,22,33.6,2.99,1.66,0
1,2012,349,15868.71,22.6,31.6,2.51,1.71,0.6
1,2012,350,16969.24,22.2,31.8,2.72,2.15,0
1,2012,351,18268.99,21.4,31.8,2.89,1.72,0
1,2012,352,20644.62,21.6,32.8,2.92,1.43,0
1,2012,353,18693.15,23,33,2.94,1.51,0
1,2012,354,14459.53,23.6,30.6,3.16,1.54,0
1,2012,355,19872.09,22.4,33.2,2.49,1.76,0
1,2012,356,19714.35,21.8,32.6,2.81,1.6,0
1,2012,357,19504.04,21.6,32.6,2.96,1.8,35
1,2012,358,15129.21,20.4,28.2,2.59,1,48
1,2012,359,18466.3,20,31,2.81,1.36,0
1,2012,360,17442.98,20,30.3,2.73,1.22,0
1,2012,361,16209.04,22.64,32,2.87,1.51,0
1,2012,362,17666.82,22.92,31.2,2.91,1.23,0
1,2012,363,14521.04,22.84,30.62,3.01,1.72,0
1,2012,364,23415.25,23.5,31.89,2.86,1.91,0
1,2012,365,19899.25,20.11,33.06,2.82,1.23,0
1,2012,366,21546.72,21.39,32.61,2.9,1.28,0
