*-----------------------------------------------------------
*  Station Name: PCME
*  DSSAT Weather file - by https://github.com/jrodriguez88
*  Longitude: -73.475773 -- Latitude: 4.029664 -- Elevation: 315m
*-----------------------------------------------------------
*  Date: 2012-01-01 : 2021-12-31
*
*  Column    Daily Value
*     1      Station number
*     2      Year
*     3      Day
*     4      irradiance         KJ m-2 d-1
*     5      min temperature            oC
*     6      max temperature            oC
*     7      vapor pressure            kPa
*     8      mean wind speed         m s-1
*     9      precipitation          mm d-1
*-----------------------------------------------------------
-73.475773,4.029664,315,0,0
1,2019,1,18091.23,18.4,30.84,2.43,1.78,0
1,2019,2,18101.98,17.8,31.39,2.33,1.5,0
1,2019,3,20762.93,19.8,32.92,2.61,1.17,0
1,2019,4,16913.12,21.3,36.58,2.78,1,0
1,2019,5,21537.41,22.2,34.4,2.54,1.15,0
1,2019,6,18602.26,22,33.6,2.99,0.7,0
1,2019,7,20274.1,22.2,35,2.42,1.45,0
1,2019,8,15115.03,22.8,32,3.04,1.48,0
1,2019,9,17065.3,21.82,31.8,2.91,0.87,0
1,2019,10,15838.41,23.4,31.6,2.79,0.77,0
1,2019,11,20126.69,22.6,33,2.57,0.85,0
1,2019,12,16605.36,24,33,3.09,0.54,0
1,2019,13,18810.33,23,33.8,2.61,0.95,0
1,2019,14,20622.35,22.4,34.2,2.71,1.11,0
1,2019,15,18713.1,20.8,34.6,2.74,1.02,0
1,2019,16,21504.97,21.4,34.4,2.39,0.87,0
1,2019,17,21470.73,21.8,34.2,2.46,0.57,0
1,2019,18,18108.53,23.4,33.2,2.91,0.64,0
1,2019,19,19200.73,23.4,33.4,2.68,0.53,0
1,2019,20,18855.07,23.6,33.4,2.78,0.32,1
1,2019,21,19142.89,21.2,32.8,2.57,0.7,0
1,2019,22,17841.37,22.6,34.6,2.92,1.12,0
1,2019,23,19523.28,23,33.4,2.95,1.12,0
1,2019,24,19292.25,23.2,34,2.76,0.9,0
1,2019,25,15874.95,24.2,33.6,3.16,0.65,0
1,2019,26,20436.94,22.8,33.6,2.63,0.48,0
1,2019,27,17629.12,22.4,35,2.86,0.55,0
1,2019,28,17476.21,23.2,35.4,3.23,0.66,0
1,2019,29,18991.57,22.6,35.4,2.71,0.77,0
1,2019,30,16267.05,23.2,32,2.81,0.45,0
1,2019,31,18240.36,23.4,35,2.98,1.33,0
1,2019,32,21011.1,22.2,34.6,2.61,0.59,0
1,2019,33,18528.8,21.2,34.6,2.88,0.61,0
1,2019,34,19821.52,20.4,36.3,2.49,0.37,0
1,2019,35,16883.31,23.8,32.8,3.14,0.36,0
1,2019,36,16036.96,24.4,31.8,3.28,0.23,0
1,2019,37,18951.97,23.4,32.6,3.17,0.1,0
1,2019,38,17890.03,23.2,35.2,2.95,1.02,0
1,2019,39,20071.47,22.2,35.4,2.65,1.17,0
1,2019,40,20191.79,22.6,35.3,2.53,1.41,0
1,2019,41,18713.1,20.8,34.6,2.74,1.59,0
1,2019,42,19001.31,21.8,35.2,2.71,1.43,0
1,2019,43,19195.16,19.4,36,2.76,1.35,0
1,2019,44,18261.31,21,36.4,2.87,0.16,0
1,2019,45,17855.49,22.4,35.4,3.1,0.41,0
1,2019,46,16643.49,22.4,36.8,3.17,0.8,0
1,2019,47,18138.87,23.8,35.8,2.94,0.6,0
1,2019,48,18176.59,23.8,36.6,2.76,0.89,0
1,2019,49,14917.88,24.2,33.4,2.9,1.17,0
1,2019,50,20054.88,22.2,35.6,2.6,1.17,0
1,2019,51,16651.2,23.4,36.4,3.1,1.49,0
1,2019,52,16536.22,22.2,36.6,2.83,1.28,0
1,2019,53,18953.25,21.8,35.6,2.73,0.71,0
1,2019,54,19179.23,23.2,35.6,2.76,1.56,0
1,2019,55,20032.13,21.6,37.71,2.86,1.42,0
1,2019,56,18568.27,19.2,36.27,2.83,1.94,0
1,2019,57,22174.1,18.6,34.19,2.63,2.02,0
1,2019,58,19098.43,23,37.27,3.04,1.84,0
1,2019,59,19625.94,22,37.1,2.68,1.38,0
1,2019,60,17425.79,23.4,34.73,3.16,1.15,0
1,2019,61,17807.15,25,35.96,2.58,0.68,0
1,2019,62,15873.04,24.5,31.71,3.07,0.39,0
1,2019,63,19370.22,22,33.15,2.94,0.43,0
1,2019,64,17052.72,22.4,35.65,3.02,0.42,0
1,2019,65,15603.74,24,31.52,2.92,0.59,0
1,2019,66,17774.6,23.6,34.63,2.93,0.8,0
1,2019,67,14435.82,26.84,32.79,2.95,0.76,0
1,2019,68,14828.9,24.62,32.83,2.04,0.49,7
1,2019,69,10310.4,27.44,28.56,2.07,0.98,8
1,2019,70,12851.68,24.42,30.2,2.84,0.87,9
1,2019,71,14701.16,25.55,32.72,3.25,0.28,0
1,2019,72,18043.68,25.02,30.75,3.13,0.39,0
1,2019,73,17692.87,24.52,34.41,2.99,0.79,0
1,2019,74,19684,21.87,32.67,2.65,0.51,0
1,2019,75,20840.89,22.56,33.17,2.74,0.44,0
1,2019,76,18014.07,23.78,34,3.08,1.39,0
1,2019,77,10470.62,26.94,28.83,2.11,0.45,12
1,2019,78,17145.74,22.78,32.39,2.89,0.42,5
1,2019,79,8628.9,22.62,27.24,2.61,0.3,0
1,2019,80,16844.55,23.05,32.61,3.07,0.61,0
1,2019,81,18928.63,23.37,33.76,2.81,0.18,0
1,2019,82,18593.52,23.2,35.31,2.84,0.47,0
1,2019,83,20259.4,21.57,33.69,2.49,0.25,0
1,2019,84,16136.14,25.07,34.24,2.92,0.44,0
1,2019,85,13484.48,23.88,30.94,3.11,0.68,0
1,2019,86,18115.05,24.46,34.29,2.87,0.39,1.4
1,2019,87,23382.44,23.78,36.89,3.01,2.11,5.2
1,2019,88,12246.42,24.78,33.89,3.01,0.82,0.2
1,2019,89,9390.1,23.22,29.17,3.04,0.91,44.4
1,2019,90,8440.12,23.72,27.17,3.03,0.76,0.8
1,2019,91,16535.22,22.61,34.67,3.4,0.99,0.2
1,2019,92,16804.61,24,33.22,2.88,1.57,0
1,2019,93,11246.54,24.28,33.22,2.61,1.2,0
1,2019,94,19924.29,23.06,34.83,2.38,2.02,0
1,2019,95,11181.78,25.17,35.22,2.57,1.65,0
1,2019,96,16517.08,25,35.33,2.37,1.87,0
1,2019,97,17686.2,24.72,36.33,2.39,1.66,0
1,2019,98,17380.54,24.28,34.5,2.7,1.54,0
1,2019,99,16909.09,24.72,33.72,2.8,0.95,0
1,2019,100,17931.43,23.56,35.17,2.93,0.99,6.2
1,2019,101,14750.45,24.5,33.17,3.06,1.29,2.28
1,2019,102,14678.78,23.72,33.56,3.35,1.25,21.83
1,2019,103,10883.02,23.44,31.17,3.22,0.55,0
1,2019,104,21888.65,24.17,34.72,3.39,1.06,0
1,2019,105,10023.02,23.61,30.83,3.21,1.11,0
1,2019,106,15333.28,23.94,32.5,3.37,1.08,0
1,2019,107,17074.88,24.28,33.28,3.27,1.25,110.2
1,2019,108,7022.5,23.61,26.22,2.89,1.27,18
1,2019,109,19974.37,23.28,33.56,3.17,0.7,0
1,2019,110,13873.18,24.06,30.67,3.24,1.22,7.4
1,2019,111,16628.47,24.56,33.44,3.49,1.12,16
1,2019,112,16847.79,24.28,31.78,3.31,1.09,0.6
1,2019,113,19834.49,25.06,34.56,3.17,1.01,0.2
1,2019,114,9886.59,24.06,29.61,3.12,1,40.4
1,2019,115,14754.77,23.94,31.56,3.27,1.13,0.2
1,2019,116,15113.96,23.89,32.78,3.42,0.95,0.2
1,2019,117,13290.34,22.56,30.72,3.16,0.74,34.4
1,2019,118,17988.42,23.61,30.33,3.12,1.76,0.8
1,2019,119,17240.66,24.11,33.78,3.22,0.93,0
1,2019,120,21601.12,23.83,34.78,2.82,1.44,0
1,2019,121,21111.54,22.94,35.28,2.56,1.64,0
1,2019,122,17733.7,24.89,35.22,2.61,1.27,0
1,2019,123,15100.15,23.89,33.5,2.99,1.14,11.2
1,2019,124,9429.82,24.22,31.39,3.38,0.8,10.2
1,2019,125,22219.36,23.44,32.44,3.33,1.14,11.2
1,2019,126,7925.68,24.28,29.22,3.18,0.99,0.8
1,2019,127,21337.77,24.17,33.67,3.18,1.23,0.4
1,2019,128,14304.9,24.17,32.06,2.83,1.23,0.4
1,2019,129,6648.62,22.78,26,2.71,1.23,31.4
1,2019,130,22866.95,22.5,32.61,3.01,0.93,0
1,2019,131,16553.35,24.78,32.78,3.29,0.85,10.6
1,2019,132,16593.07,24.67,31.39,3.15,1.41,5.4
1,2019,133,13210.9,24.11,31.72,3.4,1.36,84
1,2019,134,8532.48,22.72,27.17,2.87,0.96,25.2
1,2019,135,21485.42,22.67,30.89,2.91,0.47,0
1,2019,136,18197.37,22.61,31.89,3.02,1.14,20.8
1,2019,137,13962.98,23.89,30.39,3.02,0.75,0.2
1,2019,138,14265.19,24.61,31.06,3.14,0.55,4.2
1,2019,139,13128.01,24.11,30.83,3.04,1.36,0
1,2019,140,8609.54,23.78,27.28,2.81,0.81,3.4
1,2019,141,10811.35,23.44,29.5,2.98,0.33,0
1,2019,142,17391.77,23.72,32.33,3.16,0.47,0.2
1,2019,143,8397.13,23.33,28.06,2.85,1.14,16.2
1,2019,144,21061.46,23.17,32.39,3.04,0.94,12.6
1,2019,145,16211.42,23.78,29.83,2.92,1.28,7.8
1,2019,146,19507.24,23.17,31.83,2.9,0.94,0
1,2019,147,12664.33,23.94,29.39,2.97,1.25,18.4
1,2019,148,14552.72,23.94,31,3.09,0.86,1.4
1,2019,149,10476.33,24.5,31.33,3.17,0.75,0
1,2019,150,13750.56,24.56,32.67,3.29,0.9,1.2
1,2019,151,16578.39,24.28,31.72,3.09,0.67,1.2
1,2019,152,8789.14,23.56,27.72,2.83,1.27,6.4
1,2019,153,15207.22,22.78,31.22,2.99,0.58,0
1,2019,154,13074.48,24.06,30,3,1.16,0.8
1,2019,155,11329.43,22.78,32.33,3.17,0.79,31.6
1,2019,156,18700.77,22.33,31.78,2.99,1.24,1
1,2019,157,13746.86,21.94,29.27,3.06,0.97,64.4
1,2019,158,17661.16,21.78,30.83,2.93,0.46,0.2
1,2019,159,15841,24.22,31.89,3.11,0.7,0
1,2019,160,12433.79,24.39,30.39,3.03,0.97,0
1,2019,161,6738.42,23.56,26.78,2.84,0.95,49
1,2019,162,9944.44,22.5,29.56,2.97,0.9,6.8
1,2019,163,10271.69,22.44,28.33,2.82,0.95,10
1,2019,164,7173.61,23.28,28.33,2.96,0.46,10.2
1,2019,165,16675.1,23.56,30.61,3.06,0.65,0.6
1,2019,166,13279.12,23.83,30.61,3.08,1.12,3
1,2019,167,14671.87,22.83,31.33,3.05,0.74,0.2
1,2019,168,7285.86,23.56,27.11,2.83,0.7,4.4
1,2019,169,12433.79,23.61,29.94,3.06,0.52,0.8
1,2019,170,11674.81,24.28,31.17,3.17,0.46,8.4
1,2019,171,11102.34,23.61,30.22,3.11,0.87,10.4
1,2019,172,8652.71,23.83,27.28,2.93,0.79,5.8
1,2019,173,7126.98,23.17,27.44,2.94,0.65,37.8
1,2019,174,9080.99,23.22,27.56,2.9,0.77,10.4
1,2019,175,7685.52,22.56,26.33,2.76,0.44,8.2
1,2019,176,13088.29,21.39,28.72,2.78,0.88,4.4
1,2019,177,11635.09,23.67,30.83,3.1,1.12,0.8
1,2019,178,19585.81,23.28,32.28,2.87,1.47,0.6
1,2019,179,12081.5,24.78,29.94,2.84,0.64,0.2
1,2019,180,6803.18,22.89,26.11,2.7,0.87,0.6
1,2019,181,10188.8,22.56,29.67,3,1.03,0.2
1,2019,182,11959.34,22.56,29.99,3.21,0,0.2
1,2019,183,14269.16,22.3,30.97,2.48,0.21,1.2
1,2019,184,16100.11,22.97,30.64,2.87,1.15,5
1,2019,185,21413.75,23.78,31.61,2.68,1.24,2.2
1,2019,186,7697.44,24.89,25.83,2.65,0,0.2
1,2019,187,13229.9,22.61,31.22,2.61,0.34,14.8
1,2019,188,7718.3,24.83,25.22,2.67,0,1.2
1,2019,189,15253.61,23.12,30.79,3.15,0.45,0
1,2019,190,9934.61,23.65,28.48,2.76,0.47,9.2
1,2019,191,10340.08,22.5,28.83,2.84,0.2,52
1,2019,192,6475.93,24.22,31.33,3.13,0.22,0
1,2019,193,12228.29,23.17,30.06,2.89,0.62,0
1,2019,194,10289.83,23.17,29.56,2.95,0.87,7.6
1,2019,195,9001.25,23.06,28.19,2.99,0.6,0.4
1,2019,196,11390.24,23.22,28.89,2.77,0,0
1,2019,197,10427.37,24,28.83,2.86,0.63,3
1,2019,198,21292.87,24.56,32.17,2.92,0.41,0
1,2019,199,16032.17,23.44,31.67,3.17,0.26,3.6
1,2019,200,11804.11,23.5,29.02,2.9,0.57,0
1,2019,201,16289.07,22.41,30.63,2.81,0.67,0
1,2019,202,14708.37,23.3,31.07,2.64,0.22,8.63
1,2019,203,14143.51,26.78,30.44,2.97,1.26,0
1,2019,204,12491.64,22.78,27.67,2.69,1.47,0.2
1,2019,205,25978.85,23.94,30.39,2.72,1.41,0
1,2019,206,14814.34,25.11,28.56,2.89,0.3,0
1,2019,207,11398.05,23.61,29.44,2.64,0.92,0.6
1,2019,208,19758.6,21.5,30,2.7,0.42,0
1,2019,209,7064.81,23,29.28,2.82,0.85,13.4
1,2019,210,18264.72,23.17,31.22,2.67,0.96,0
1,2019,211,15761.56,23.44,31.39,2.83,0.78,0
1,2019,212,15721.84,23.89,31.44,2.93,0.36,0.4
1,2019,213,16981.62,23.28,32.44,2.99,0.53,0
1,2019,214,12883.65,23.5,31.61,3.08,0.81,0.4
1,2019,215,16624.05,22.56,31.66,2.65,0.4,0
1,2019,216,16592.49,21.91,31.79,2.87,0.66,1.8
1,2019,217,20671.18,21.39,28.78,2.42,1.74,0
1,2019,218,25506.54,23.5,30,2.32,1.15,0
1,2019,219,13708.14,24.17,32.83,2.61,0.69,0
1,2019,220,9325.34,23.56,29.44,2.67,0.94,4.2
1,2019,221,26576.37,24.11,33.39,2.62,0.69,9
1,2019,222,7475.42,24.83,25.94,2.59,0.1,56
1,2019,223,15570.73,24.61,30.28,2.86,1.03,28
1,2019,224,16301.61,24.33,33.22,2.84,1.13,16
1,2019,225,15179.59,23.56,29.39,2.77,2.04,42
1,2019,226,14375.71,20.97,28.57,2.63,0.22,0
1,2019,227,18063.49,21.14,31.09,2.65,0.59,6
1,2019,228,18703.34,20.3,32.41,2.63,0.13,0
1,2019,229,14117.53,24.17,31,2.7,0.45,0
1,2019,230,9627.55,24.67,33.17,2.99,0.1,42
1,2019,231,14637.08,22.86,31.86,2.84,0.39,0
1,2019,232,16081.9,24.06,32.67,2.73,1.9,67
1,2019,233,14994.18,22.23,31.23,2.63,0,0
1,2019,234,14635.61,25,33,2.91,0.45,17
1,2019,235,17965.78,23.33,30.93,3.02,0.29,11
1,2019,236,8365.18,24.67,31.89,2.7,0.88,8
1,2019,237,19265.73,23.39,33.5,2.6,0.69,0
1,2019,238,11224.95,22.94,32.89,2.82,0.43,12
1,2019,239,18730.1,21.03,30.81,2.8,0.03,32
1,2019,240,13993.84,20.94,29.6,2.76,0.17,28
1,2019,241,13700.48,23.72,34.61,2.88,0.43,0
1,2019,242,11480.61,23.53,29.03,2.86,0.03,0
1,2019,243,14389.06,21.11,29.51,2.66,0.02,48
1,2019,244,14937.82,25.17,34.61,2.68,1.1,0
1,2019,245,20447.57,21.47,34.74,2.53,0,0
1,2019,246,13380.38,26.33,33.17,2.81,1.3,22
1,2019,247,7447.32,25.17,33.11,2.86,0.65,0
1,2019,248,19559.52,22.69,33.03,2.55,0.22,48
1,2019,249,19157.44,22.66,32.88,2.33,0.22,0
1,2019,250,17224.64,24.94,34.44,2,1.42,0
1,2019,251,19231.51,22.44,33.94,2.53,0.04,0
1,2019,252,19355.82,22.72,30.82,2.96,0.12,0
1,2019,253,20075.44,22.22,34,2.32,1.06,0
1,2019,254,20464.38,22.55,32.77,2.71,0.02,0
1,2019,255,19958.01,22.1,32.21,2.88,0.54,36
1,2019,256,18266.34,22.15,33.6,2.86,0.38,0
1,2019,257,16045.29,22.49,31.49,2.87,0,0
1,2019,258,19005.43,20.94,32.38,2.64,0.07,0
1,2019,259,20075.58,22.93,33.54,2.81,0,3
1,2019,260,19468.88,22.13,32.96,2.73,0.52,48
1,2019,261,19451.58,22.06,33.28,2.76,0,0
1,2019,262,15432.08,22.95,31.01,2.63,0,0
1,2019,263,18964.3,22.48,33.48,2.84,1.07,67
1,2019,264,19562.3,23.22,33.39,2.75,0.05,0
1,2019,265,18074.55,23.62,33.12,3.13,0.03,22
1,2019,266,14527.35,23.63,31.29,2.84,0.4,68
1,2019,267,18708.12,24.61,35.94,2.71,0.34,0
1,2019,268,18103.68,24.03,33.83,2.02,2.2,0.2
1,2019,269,20982.06,23.33,34.78,1.96,1,0
1,2019,270,12671.24,25.17,31,2.97,0.98,6.4
1,2019,271,17953.59,24.44,34.44,2.51,1.18,0
1,2019,272,16297.76,24.28,34.33,3.09,1.33,1.2
1,2019,273,17198.74,24.61,33.61,2.29,1.78,0
1,2019,274,12982.38,22.47,30.24,2.66,0.02,0
1,2019,275,17953.05,20.52,32.64,2.68,0.2,0.4
1,2019,276,15279.7,23.03,32.03,2.77,0.18,21
1,2019,277,18031.02,21.7,30.7,3,0.03,29.8
1,2019,278,16077.77,20.61,31.77,2.56,0.12,7
1,2019,279,18763.19,23.19,33.47,2.89,0.13,0
1,2019,280,12055.6,25.44,34.56,3.06,0.88,2.6
1,2019,281,11050.68,22.17,28,2.73,0.92,29.8
1,2019,282,20337.88,21.28,32.94,2.91,0.73,0.2
1,2019,283,21561.4,23.06,33.67,3.04,0.85,10.4
1,2019,284,15254.71,23.11,31.83,2.89,0.55,0
1,2019,285,6857.58,23.94,26.67,2.63,0.65,4.2
1,2019,286,22378.23,22.78,33.67,2.86,0.57,0
1,2019,287,20183.32,23.28,33.39,2.65,0.66,0
1,2019,288,12498.55,23.39,32.44,3.05,0.65,22.6
1,2019,289,15329.83,23.17,30.89,2.79,0.53,0.2
1,2019,290,20769.61,23.06,33.72,2.8,0.37,0
1,2019,291,12397.53,23.78,30.94,2.88,0.52,7.4
1,2019,292,21071.82,23.83,32.89,2.84,0.59,0.4
1,2019,293,9793.34,23.72,28.78,2.69,0.5,1.8
1,2019,294,21589.9,23.5,32.94,3.06,0.59,0.2
1,2019,295,10831.21,23.28,30,2.86,0.59,4.8
1,2019,296,9994.52,24.78,33,3.23,0.55,0.8
1,2019,297,16752.26,23.44,32.5,3.06,0.87,0.4
1,2019,298,15193.4,22.94,31.89,2.91,0.77,0.8
1,2019,299,20330.41,23.06,34.32,3.46,0.2,0
1,2019,300,10361.49,26.39,32.78,2.97,0.43,0
1,2019,301,12412.21,23.89,33.39,2.86,1.26,0
1,2019,302,22881.63,23.83,33.89,2.84,1.03,0
1,2019,303,18866.55,24,34.5,2.87,0.83,0.4
1,2019,304,7180.55,24.56,25.06,2.43,0.65,0
1,2019,305,14906.52,24.44,32.83,3.26,0.9,3.2
1,2019,306,20855.96,22.61,30.83,2.82,1,8.4
1,2019,307,22054.44,22.89,33.17,2.89,0.64,0
1,2019,308,20679.81,23.22,33.39,2.8,1.34,9.8
1,2019,309,20251.54,24.33,34.17,2.92,1.35,0.2
1,2019,310,11836.28,23.06,32.06,2.87,1.07,2
1,2019,311,14884.28,22.44,31.89,2.94,0.93,1.6
1,2019,312,16118.17,23.17,32.72,2.9,0.98,0
1,2019,313,7324.71,23.39,27.83,2.78,0.85,62.6
1,2019,314,12975.18,23.33,31,3.08,0.78,0
1,2019,315,15116.65,24.09,31.36,3.08,0,0.2
1,2019,316,17296.62,22.54,32.14,2.94,0,0
1,2019,317,16063.36,23.83,31.56,2.94,0.2,0.6
1,2019,318,22316.93,23.83,33.89,2.96,1.08,0
1,2019,319,15088.92,24,33.06,2.98,1.32,29.6
1,2019,320,19143.72,24.39,32.94,2.99,0.84,0
1,2019,321,20384.51,23.11,33.94,2.99,0.86,0.2
1,2019,322,9537.75,24.28,30.67,2.95,0.6,2.4
1,2019,323,20158.28,23.61,33.11,3.04,0.91,0
1,2019,324,12034.87,24.28,30.83,2.82,0.85,0.2
1,2019,325,16088.81,24.22,32.5,3.07,0.63,0
1,2019,326,19668.7,23.22,33.06,3.01,1.24,0
1,2019,327,13619.32,24.17,32.83,3.01,1.16,0
1,2019,328,21305.82,23.67,33.83,2.89,0.94,0
1,2019,329,17322.69,23.72,32.17,2.89,1.27,0.2
1,2019,330,16301.22,24.22,32.83,3,1.05,0.8
1,2019,331,17423.71,22.06,33,2.85,1.06,14
1,2019,332,21244.51,23.83,33.33,2.89,1.35,0
1,2019,333,14024.28,23.11,32.72,2.82,0.71,0
1,2019,334,19582.36,23.28,33.78,2.81,1.1,0
1,2019,335,21424.11,24.72,34.06,2.6,1.37,0
1,2019,336,17553.23,24.72,34.61,2.9,0.54,0
1,2019,337,20557.2,23.89,33.89,2.88,1.11,4.6
1,2019,338,20715.21,22.94,34.22,2.66,1.33,0
1,2019,339,18136.07,23.89,34.39,2.72,1.23,0
1,2019,340,20870.64,23.94,34.61,2.68,1.03,0
1,2019,341,21424.11,23.89,34.78,2.74,0.93,0
1,2019,342,16434.19,23.33,33.44,2.75,1.18,0
1,2019,343,21471.6,22.33,33.83,2.55,1.43,0
1,2019,344,18286.31,22.44,34.83,2.59,1.23,0
1,2019,345,18913.18,22.5,33.94,2.56,1.26,0
1,2019,346,17441.85,23.22,33.39,2.61,1.14,0
1,2019,347,17236.34,23.56,33.94,2.62,1.31,0
1,2019,348,16485.14,23.56,34.22,2.63,0.88,0
1,2019,349,16916.86,24.72,32.89,2.8,1.05,1.6
1,2019,350,11623.87,22.94,31.17,2.84,0.7,0.2
1,2019,351,18298.4,22.61,34.06,2.85,1.22,0.2
1,2019,352,15862.58,22.56,33.78,2.61,1.31,0
1,2019,353,18769.84,22.17,34.5,2.58,1.26,0
1,2019,354,16283.09,23.89,33.39,2.81,1.56,4.6
1,2019,355,16563.71,23.28,32.89,2.89,0.96,0.4
1,2019,356,12855.16,25.06,32.94,2.82,0.76,0
1,2019,357,13200.54,25.39,34.06,2.88,0.65,0.2
1,2019,358,13506.21,24.28,33.61,2.8,0.58,0
1,2019,359,11509.03,25.17,32.56,2.87,0.45,0
1,2019,360,14383.48,24.17,33.94,2.89,0.77,0
1,2019,361,7601.88,23.67,31.39,2.91,0.5,0.4
1,2019,362,11681.72,23.83,33.61,2.97,0.56,0
1,2019,363,13433.68,23.56,33.22,2.91,1.06,0.2
1,2019,364,20603.83,24.06,34.61,2.71,1.28,0
1,2019,365,20722.99,24.28,34.83,2.55,1.47,0
