*-----------------------------------------------------------
*  Station Name: PCME
*  DSSAT Weather file - by https://github.com/jrodriguez88
*  Longitude: -73.475773 -- Latitude: 4.029664 -- Elevation: 315m
*-----------------------------------------------------------
*  Date: 2012-01-01 : 2021-12-31
*
*  Column    Daily Value
*     1      Station number
*     2      Year
*     3      Day
*     4      irradiance         KJ m-2 d-1
*     5      min temperature            oC
*     6      max temperature            oC
*     7      vapor pressure            kPa
*     8      mean wind speed         m s-1
*     9      precipitation          mm d-1
*-----------------------------------------------------------
-73.475773,4.029664,315,0,0
1,2021,1,19600.49,21.89,33.5,2.44,1.98,0
1,2021,2,14984.45,23.56,28.83,2.56,1.27,15.23
1,2021,3,19819.81,23.78,30.94,2.79,1.69,0
1,2021,4,17272.61,22.28,31.67,2.52,1.55,0
1,2021,5,16945.36,20.33,33.89,2.26,1.56,0
1,2021,6,26252.57,20.67,34.11,2.33,1.26,0
1,2021,7,17118.05,22.56,33.44,2.65,0.98,7.62
1,2021,8,15017.26,23.06,30.72,2.99,0.95,5.33
1,2021,9,19063.42,22.44,30.83,2.96,1.07,15.99
1,2021,10,13286.89,22.78,29.94,2.93,0.4,35.3
1,2021,11,21360.22,23.06,31.22,3.02,0.99,2.54
1,2021,12,20204.91,23.33,32.33,2.69,1.68,1.52
1,2021,13,20505.39,22.06,33.39,2.38,1.73,0
1,2021,14,22540.56,20.89,33.44,2.29,1.42,0
1,2021,15,17070.56,21.61,34.33,2.32,1.46,0
1,2021,16,21880.88,20.83,33.5,2.29,1.48,0
1,2021,17,20982.02,20.72,33.89,2.35,1.55,0
1,2021,18,18609.24,22.33,34.22,2.33,1.96,0
1,2021,19,20097.84,22.44,33.67,2.28,2.02,0
1,2021,20,23552.54,21.61,33.5,2.34,1.7,0
1,2021,21,27019.32,21.72,34.06,2.46,1.38,0
1,2021,22,16118.17,23.61,33.22,2.63,1.12,0
1,2021,23,17725.92,23.28,31.33,2.76,0.84,5.08
1,2021,24,16855.56,24,31.83,2.68,1.02,6.86
1,2021,25,7540.41,24.22,25.67,2.46,0.22,0
1,2021,26,25914.96,22.17,34.33,2.52,1.85,0
1,2021,27,18506.49,21.56,34.28,2.29,1.89,0
1,2021,28,20852.5,21.17,34.17,2.27,1.77,0
1,2021,29,24015.35,21.33,34.5,2.24,2.16,0
1,2021,30,18740.68,24.78,35.11,1.94,2.77,0
1,2021,31,15784.01,20.28,35.72,2.24,1.87,0
1,2021,32,17071.42,24.33,32.28,2.4,1.53,0
1,2021,33,18471.09,23.56,34.28,2.43,1.01,0
1,2021,34,22937.75,22.78,35.72,2.42,0.86,0
1,2021,35,23237.37,22.72,35.72,2.43,1.42,0
1,2021,36,16916.86,24.61,32.56,2.77,1.31,0.51
1,2021,37,20347.38,23.44,34.67,2.48,1.26,0
1,2021,38,21924.06,22.94,35.39,2.39,1.61,0
1,2021,39,21284.23,23,36.33,2.3,1.9,0
1,2021,40,22262.53,22.33,34.72,2.28,2.21,0
1,2021,41,18725.81,24.5,35.06,2.41,2.13,0
1,2021,42,12996.77,25.39,34.67,2.21,2.34,0
1,2021,43,20739.39,23.5,35.94,2.11,2.05,0
1,2021,44,21368.85,22.67,35.61,2.28,1.45,0
1,2021,45,23639.75,24.72,36.17,2.42,2.28,0
1,2021,46,24061.98,22.67,35.33,2.34,2.16,0
1,2021,47,20719.53,23.61,35.44,2.42,1.87,0
1,2021,48,20254.13,22.33,34.22,2.19,2.57,0
1,2021,49,24143.14,21.39,35.11,1.95,2.08,0
1,2021,50,18132.61,22.78,35.28,2.07,1.87,0
1,2021,51,16676.82,21.56,34.89,2.15,2.02,0
1,2021,52,16811.52,24.67,35.44,2.24,1.37,0
1,2021,53,7875.2,25.56,27.39,2.05,0.73,0
1,2021,54,8337.55,26.89,34.56,2.16,1.21,1.77
1,2021,55,10351.13,23.94,30.17,2.53,1.05,1.01
1,2021,56,17327.87,23.83,33.28,2.86,1.2,4.57
1,2021,57,18661.91,23.39,34.67,2.58,1.98,0
1,2021,58,18255.22,23.17,33.67,2.34,2.46,0
1,2021,59,14650.29,23.89,31.56,2.16,1.97,0
1,2021,60,11233.59,24.11,33.11,2.1,2.11,0
1,2021,61,19067.74,22.67,32.44,1.95,1.72,0
1,2021,62,22881.63,20.5,35.94,2.16,1.78,0
1,2021,63,18988.3,22.22,35,2.17,0.8,0
1,2021,64,18021.23,24.28,34,2.16,0.8,0
1,2021,65,13923.26,23,31.39,2.43,1.47,2.03
1,2021,66,16311.58,22.78,31.17,2.86,1.11,3.56
1,2021,67,20517.48,24.5,32.5,2.94,1.44,0.25
1,2021,68,18676.08,23.61,35.83,2.74,1.65,0
1,2021,69,15427.4,23.56,33.06,2.24,1.78,0
1,2021,70,13254.08,23.83,33.33,2.31,0.92,0
1,2021,71,12545.18,22.61,32.94,2.19,0.9,0
1,2021,72,10889.93,23.11,28.17,2.31,0.97,5.84
1,2021,73,22659.72,22.61,34.44,2.71,1.33,0.25
1,2021,74,15876.4,24.5,32.06,2.47,1.88,1.77
1,2021,75,9310.66,23.5,28.56,2.78,0.77,6.6
1,2021,76,8778.77,23.44,28.06,2.88,0.45,32.25
1,2021,77,11649.77,23.33,29.06,2.9,0.44,1.76
1,2021,78,20143.61,21.78,34.56,2.7,1.22,0
1,2021,79,17839.9,24.33,34.28,2.36,2,0
1,2021,80,18115.34,21.78,35.33,2.25,1.63,0
1,2021,81,19149.77,21.28,34.22,2.35,1.12,0
1,2021,82,21870.52,22.89,33.94,2.5,0.87,0
1,2021,83,7159.79,22.17,26.17,2.55,0.68,55.1
1,2021,84,23935.91,22,32,2.62,1.48,0
1,2021,85,11035.88,25.33,28.67,2.69,2.7,0.51
1,2021,86,12416.59,24.28,29.94,2.71,2.23,1.78
1,2021,87,14581.13,25.44,31.22,2.34,3.06,0
1,2021,88,12830.79,24.33,31.33,2.63,1.6,21.84
1,2021,89,26458.07,24.22,29.33,2.77,2.19,0.76
1,2021,90,12937.03,24.06,30.17,2.63,1.33,0.25
1,2021,91,13677.11,25.11,31.83,2.82,1.6,0
1,2021,92,19228.9,23.26,33.46,2.74,0.68,0
1,2021,93,26810.36,24.28,32.89,2.77,0.92,0
1,2021,94,12646.38,25.39,33.28,2.58,1.84,0.76
1,2021,95,14292.78,25.06,30.94,2.5,0.78,0
1,2021,96,14005.37,25.39,32.33,2.39,0.74,0
1,2021,97,15288.15,24.33,32,2.53,0.78,0
1,2021,98,19907.06,22.17,32.94,2.87,1.4,2
1,2021,99,14148.19,24.67,32.56,2.3,2.25,0
1,2021,100,8667.64,22.31,27.31,2.83,1.3,0
1,2021,101,9990.25,21.96,27.62,2.91,0.81,43
1,2021,102,19506.86,20.86,32.48,2.74,1.3,17
1,2021,103,17849.81,19.26,29.81,2.62,1.05,0
1,2021,104,17250.05,21,31.66,2.44,0.33,0
1,2021,105,17327.1,20,30.5,2.83,1.03,12
1,2021,106,17946.88,21,32.09,2.67,1,60
1,2021,107,16292.5,20.2,31.79,2.56,1.38,8
1,2021,108,13370.47,21.4,29.04,2.67,1.03,0
1,2021,109,17243.54,21,29.96,2.93,1.6,0
1,2021,110,17911.4,21,31.44,2.61,1.3,0
1,2021,111,12986.58,22,29.16,2.81,0.94,0
1,2021,112,19650.16,20,32.68,2.57,0.95,0
1,2021,113,21018.93,21,33.65,2.53,1,0
1,2021,114,15932.32,21.4,30.67,2.61,1.1,17
1,2021,115,9621.38,21,27.01,2.67,1.1,11
1,2021,116,17459.27,22,31.81,2.57,0.93,23
1,2021,117,12943.78,21.8,29.24,2.66,1.36,33
1,2021,118,18135.73,20.2,31.97,2.61,1.21,0
1,2021,119,19527.31,23,33.39,2.95,1.48,93
1,2021,120,19588.88,21,33.21,2.56,1.09,7
1,2021,121,17949.08,20,31.19,2.6,0.9,43
1,2021,122,20296.62,22,32.54,2.59,0.69,12
1,2021,123,18180.75,21.8,31.55,2.56,1.16,0
1,2021,124,19523.62,21,32.76,2.43,1.06,8
1,2021,125,20186.31,22,32.65,2.84,1.05,23
1,2021,126,19671.53,21,32.61,2.72,0.85,47
1,2021,127,20587.44,22,32.71,2.87,1.06,0
1,2021,128,18751.78,23,31.19,2.99,0.99,23
1,2021,129,14478.52,22,30.95,2.68,1.12,54
1,2021,130,18596.97,21.2,31.18,2.67,0.8,0
1,2021,131,17859.4,21.6,31.75,2.63,0.57,8
1,2021,132,18455.97,22,31.74,2.57,0.58,43
1,2021,133,10217.81,22.8,27.68,2.66,0.36,0
1,2021,134,10931.9,22.6,28.83,2.87,0.56,0
1,2021,135,11038.17,23,28.66,2.72,0.99,5
1,2021,136,16853.23,22,31.43,2.55,0.82,8
1,2021,137,16275.3,22.2,32.11,2.95,0.88,83
1,2021,138,10352.81,21,27.47,2.73,0.75,0
1,2021,139,12544.02,21.6,29.42,2.35,0.68,0
1,2021,140,26361.36,21.8,31.94,2.79,1.32,0
1,2021,141,17163.81,23.5,32.11,3.04,0.81,0
1,2021,142,20784.29,24.06,32.22,3.18,1.13,0.25
1,2021,143,14700.37,24.67,31.11,3.17,0.55,27.68
1,2021,144,19636.76,23.17,30.78,3.02,0.81,10.66
1,2021,145,6972.42,22.94,26.72,2.7,0.77,26.92
1,2021,146,14510.41,22.72,32,3.04,0.4,3.05
1,2021,147,6975.88,22.56,25.11,2.56,0.75,30.71
1,2021,148,18560.08,22.56,30.78,2.93,0.51,0.25
1,2021,149,24244.17,24.17,31.67,3.04,1.15,0
1,2021,150,17873.58,24.17,30.72,3.02,1.07,0
1,2021,151,17724.2,23.44,31.94,3.1,0.87,22.33
1,2021,152,22986.11,22.89,30.72,2.96,0.62,9.39
1,2021,153,20460.49,23.22,30.67,2.97,0.73,2.03
1,2021,154,23471.37,23.89,30.89,3.02,1.45,0
1,2021,155,8767.82,23,27.22,2.76,0.34,29.71
1,2021,156,24075.79,22.17,31.39,2.97,0.67,3.81
1,2021,157,23072.45,23.5,30.94,3.08,0.88,20.31
1,2021,158,14839.38,23.94,30.94,3.08,0.57,2.29
1,2021,159,8843.53,22.17,28.5,2.82,0.45,32.76
1,2021,160,20014.09,22.5,29.61,2.87,0.58,0.76
1,2021,161,25033.37,21.94,29.94,2.81,1.48,21.58
1,2021,162,17547.19,23.83,30.78,3,1.22,1.52
1,2021,163,13682.35,23.33,30,2.96,1.12,23.1
1,2021,164,18737.03,23.06,29.94,2.91,0.47,0
1,2021,165,20115.11,23.33,31,3.04,0.72,23.87
1,2021,166,17575.68,22.17,31.56,3.03,0.77,2.53
1,2021,167,23782.22,23.06,31.11,3.01,0.9,0.51
1,2021,168,19893.2,23.39,31.44,3.04,0.35,0.25
1,2021,169,18262.13,22.5,29.94,2.9,0.69,0.25
1,2021,170,20726.44,22.61,31.17,3,0.42,2.79
1,2021,171,11304.39,21.61,28.17,2.75,0.83,11.69
1,2021,172,24216.54,21.39,32.11,2.81,0.14,0
1,2021,173,19875.07,22.06,30.67,2.84,0.54,14.99
1,2021,174,17429.76,22.33,31.17,2.96,0.66,33.01
1,2021,175,23989.45,22.33,33.28,3.02,0.18,0.5
1,2021,176,7389.47,23,26.56,2.6,0.28,9.39
1,2021,177,11473.63,21.89,27.06,2.66,0.49,0.5
1,2021,178,18330.34,22.44,30.11,2.9,0.16,0.25
1,2021,179,23673.42,22.94,31.5,3.02,0.94,3.3
1,2021,180,21428.43,23.06,31.11,3,0.6,4.82
1,2021,181,10379.63,22.33,27,2.69,0.62,37.34
1,2021,182,14768.58,21.17,26.44,2.5,0.82,5.33
1,2021,183,17006.66,20.89,28.11,2.59,0.42,1.78
1,2021,184,21374.03,21.78,30.11,2.73,0.42,0.25
1,2021,185,19560.77,22.33,31.22,2.85,0.45,3.55
1,2021,186,16101.76,22.06,29.44,2.79,0.3,5.33
1,2021,187,10505.69,23.06,28,2.82,0.6,11.94
1,2021,188,20065.03,22.06,31.78,2.88,0.17,0.25
1,2021,189,13316.25,23.06,30.11,2.97,0.85,7.11
1,2021,190,11678.27,22.72,28.22,2.84,0.97,24.65
1,2021,191,18747.39,22.61,29.33,2.91,0.53,0.25
1,2021,192,22529.34,22.89,30.94,3.07,0.83,0.5
1,2021,193,20334.43,23.89,31.28,3.12,0.71,0.5
1,2021,194,9030.04,22.78,25.83,2.64,0.39,13.19
1,2021,195,10469.43,21.78,28.67,2.8,0.38,5.34
1,2021,196,18088.77,21.83,31.06,2.9,0.4,0.25
1,2021,197,23266.73,22.56,30.89,2.96,0.85,5.84
1,2021,198,15492.16,23.33,30.22,3.05,0.58,11.68
1,2021,199,10160.31,22.33,27.22,2.73,0.72,24.39
1,2021,200,16369.43,22.33,29.56,2.86,0.23,0.25
1,2021,201,23072.45,23.17,31.33,3.03,0.42,5.83
1,2021,202,7559.45,22.61,25.83,2.65,0.8,50.79
1,2021,203,14844.57,22.56,30.33,3,0.28,8.63
1,2021,204,14952.5,23.17,30.5,2.98,0.25,0.51
1,2021,205,17902.07,23.44,29.39,2.86,0.68,0
1,2021,206,20128.93,23.67,32.56,2.94,0.29,0
1,2021,207,12239.51,22.44,29.78,2.92,0.42,20.82
1,2021,208,21043.33,22.44,31.28,2.99,0.27,0
1,2021,209,21348.99,23.28,32.11,3.07,0.3,0.25
1,2021,210,13117.65,22.94,30.17,3.04,0.34,4.82
1,2021,211,10872.66,22.61,27.44,2.75,0.86,9.4
1,2021,212,12736,21.56,26.78,2.58,0.55,0.25
1,2021,213,13948.3,22.39,27.89,2.72,0.5,0
1,2021,214,11102.34,22.5,26.28,2.66,0.74,3.04
1,2021,215,10897.7,22.33,28.28,2.78,0.21,0.25
1,2021,216,11897.58,22.78,29.33,2.88,0.07,0
1,2021,217,13034.76,22.83,28.33,2.77,0.5,0
1,2021,218,17506.61,22.89,32.17,2.79,0.19,0
1,2021,219,21827.35,23.78,32.56,2.85,0.27,0.25
1,2021,220,19452.84,23.11,32.78,3.05,0.4,36.07
1,2021,221,18313.08,22.78,32.39,3,0.3,0
1,2021,222,17561,23.44,32.06,3.19,0.47,19.3
1,2021,223,20471.72,22.83,33.83,3.1,0.55,8.12
1,2021,224,22564.74,22.28,33.11,2.97,0.46,45
1,2021,225,17495.38,23.11,30.67,3.02,0.28,0
1,2021,226,10710.33,22.67,29.33,2.93,0.51,0
1,2021,227,22802.19,22.06,33.22,3.02,0.3,3
1,2021,228,18787.98,23.61,32.72,3.07,0.5,0
1,2021,229,11793.11,23.06,30.78,3.04,0.41,17
1,2021,230,21526,23.06,32.11,3.04,0.31,0
1,2021,231,18833.74,22.28,31.39,2.92,0.4,11
1,2021,232,20858.55,24.33,33.11,3.04,0.18,46
1,2021,233,16770.94,22.33,31.56,2.97,0.86,0
1,2021,234,21111.54,24,33.89,3.19,0.46,0
1,2021,235,23170.89,23.33,34.28,2.93,0.43,0
1,2021,236,24075.79,23.89,32.44,2.93,0.62,0
1,2021,237,20500.21,23.67,32.89,3.26,0.66,0
1,2021,238,21796.26,23.5,34.67,3.08,0.75,0
1,2021,239,21976.73,23,34.44,2.97,1.15,0
1,2021,240,19834.49,21.89,33,2.9,0.82,0
1,2021,241,11653.23,22.17,30.11,2.87,0.57,0
1,2021,242,20827.46,22.11,32.44,3.1,0.47,51
1,2021,243,20628.87,22.06,32.94,2.89,0.36,3
1,2021,244,19057.38,23.11,31.33,2.96,0.45,0
1,2021,245,19286.19,22.5,33.72,2.86,0.42,0
1,2021,246,14844.57,22.17,33.17,3.03,0.79,36
1,2021,247,17592.55,22.44,32.58,3.41,0,11
1,2021,248,13676.82,24.05,30.85,3.19,0.28,33
1,2021,249,7363.87,22.86,26,2.74,0.92,7
1,2021,250,14248.44,22.04,29.8,2.77,0.18,18
1,2021,251,15947.95,22.33,31.2,2.67,0.31,0
1,2021,252,19676.24,21.78,32.6,2.8,0.63,0
1,2021,253,19855.98,21.85,32.1,2.99,0.73,40
1,2021,254,15681.8,22.71,31.8,2.76,0.47,17
1,2021,255,14108.04,22.15,29.8,2.77,0.39,0
1,2021,256,16725.71,23.2,32.6,2.84,0.27,0
1,2021,257,20005.22,21.98,32.8,2.91,0.31,0
1,2021,258,15969.87,21.27,30.4,2.81,0.62,8
1,2021,259,9412.96,21.12,27.4,2.67,0.51,4
1,2021,260,17663.36,22.96,31.2,2.91,0.3,0
1,2021,261,17155.04,22.67,32.2,2.88,0.25,0
1,2021,262,17644.01,22.49,32.4,3.01,0.14,0
1,2021,263,15881.4,22.86,31.8,2.82,0.21,0
1,2021,264,17386.27,22.85,30.4,3.07,0.43,7
1,2021,265,17469.25,22.44,30.8,3.04,0.84,15
1,2021,266,17528.52,20.22,30.6,2.84,0.33,0
1,2021,267,15993.79,20.85,32,2.61,0.58,21
1,2021,268,12837.05,22.51,30.2,2.65,0.42,0
1,2021,269,17837.59,23.14,33.2,2.89,0.05,0
1,2021,270,19405.6,21.19,33,2.44,0.32,0
1,2021,271,15051.21,21.94,31,2.36,0.4,16
1,2021,272,19637.45,21.81,32.6,2.79,0.31,23
1,2021,273,17884.11,21.69,30.8,2.88,0.55,0
1,2021,274,17885.7,21.66,32,2.49,0.16,4
1,2021,275,18405.07,21.45,33,2.67,0.4,0
1,2021,276,19951,22.69,33.2,2.56,0.58,0
1,2021,277,19999.01,22.26,32.8,2.81,0.92,12
1,2021,278,14625.95,21.97,30,2.66,0.18,12
1,2021,279,14500.39,24.21,30.8,3.1,0.3,8
1,2021,280,16878.5,24.42,32,2.89,0.36,0
1,2021,281,16181.3,23.73,31.8,2.95,0.43,0
1,2021,282,15666.75,24.12,32.6,3.09,0.16,23
1,2021,283,15388.9,23.09,31.8,2.8,0.18,0
1,2021,284,10315.37,24.27,28.8,2.95,0.41,0
1,2021,285,17246.17,23.63,32.2,2.75,0.03,0
1,2021,286,16585.79,23.24,32.8,2.3,0,0
1,2021,287,18475.66,22.12,33.4,2.93,0.72,0
1,2021,288,18302.57,23.74,34,3.1,0.38,0
1,2021,289,8583.9,24.03,27.8,2.96,0.72,15
1,2021,290,10837.85,24.1,28.6,2.92,0.11,0
1,2021,291,19483.02,21,32.4,2.63,0.16,0
1,2021,292,15906.52,23,30.8,3.01,0.15,5
1,2021,293,19810.77,21.2,32.6,2.73,0.47,2
1,2021,294,17259.53,22,31.4,2.63,0.38,7
1,2021,295,15868.71,22.6,31.6,2.51,0.59,0
1,2021,296,19061.68,22.8,32.8,2.74,0.91,0
1,2021,297,16156.97,22.6,31.8,2.85,0.55,0
1,2021,298,15495.96,23.2,31.8,2.58,0.89,0
1,2021,299,16846.98,22.6,31.4,2.62,0.37,11
1,2021,300,14763.8,21.4,28.8,2.61,0.09,0
1,2021,301,11390.73,22.4,28.2,2.75,0.33,7
1,2021,302,20746.46,22.2,33.96,2.43,0.22,32
1,2021,303,19170.8,21.4,33.11,2.46,0.12,18
1,2021,304,8646.39,22.4,27.58,2.86,0.21,0
1,2021,305,19851.52,22.2,32.47,2.73,0.16,17
1,2021,306,17229.96,22.4,31.76,2.87,0.72,0
1,2021,307,13262.58,22.4,30.08,2.5,0.56,0
1,2021,308,13298.87,22.4,30,2.36,0.93,0
1,2021,309,10992.47,22.6,28.71,2.8,0.74,0
1,2021,310,13571.11,22.4,30.56,2.71,0.45,0
1,2021,311,18682.02,22,33.19,2.89,0.63,0
1,2021,312,13130.61,23.21,29.81,3.04,1.17,12
1,2021,313,17011.46,23.43,32.6,3.03,0.97,0
1,2021,314,18593.6,22.85,30.91,3.03,1,0
1,2021,315,8807.27,23.83,33.78,2.41,1.05,0
1,2021,316,19487.82,21.44,34.22,2.28,1.28,0
1,2021,317,19628.1,22.67,34.22,2.58,0.87,0
1,2021,318,7288.33,24.39,25.44,2.31,1.47,0
1,2021,319,14987.65,22,31,2.46,1.67,0
1,2021,320,16097.83,23.8,31.43,3.04,1.11,0
1,2021,321,16960.3,24,31.71,3.04,1.58,0
1,2021,322,16846.98,22.6,31.4,2.62,1.45,0
1,2021,323,17725.22,23.4,32.2,2.97,1.36,0
1,2021,324,16180.37,23,32.6,2.88,0.92,0
1,2021,325,17646.15,21.8,31.6,2.7,0.48,7
1,2021,326,18232.54,21.4,31.6,2.86,0.69,0
1,2021,327,8990.52,21.6,27,2.75,0.4,2
1,2021,328,16092.71,22,31.2,2.57,0.6,0
1,2021,329,10867.16,22.8,29.2,2.83,0.5,0
1,2021,330,14872.33,22.4,31.6,2.8,0.56,0
1,2021,331,19783.89,22,32,2.6,0.62,0
1,2021,332,17345.33,22.8,32.2,2.9,0.59,0
1,2021,333,18481.59,23.6,32.4,2.72,0.6,0
1,2021,334,17725.22,23.4,32.2,2.97,0.61,0
1,2021,335,19685.44,21.8,33.2,2.45,0.53,0
1,2021,336,17646.15,21.8,31.6,2.7,0.94,0
1,2021,337,19061.68,22.8,32.8,2.74,0.53,0
1,2021,338,17241.57,22.8,32.4,2.9,0.83,0
1,2021,339,19434.43,22,33.8,2.76,0.69,2
1,2021,340,20461.31,22.6,32.8,2.64,0.68,0
1,2021,341,18616.89,23.37,35.76,3.06,0.67,0
1,2021,342,14740.33,25.19,33.58,2.91,0.68,0
1,2021,343,15487.65,23.67,31.47,2.84,0.64,0
1,2021,344,16198.32,24.3,32.1,2.96,0.74,0
1,2021,345,14799.67,22.11,35.11,2.28,0.7,0
1,2021,346,7112.61,22.78,25.39,2.31,0.72,0
1,2021,347,18660.35,23.61,34,2.74,0.75,0
1,2021,348,17408.61,21.4,30.98,2.74,0.81,0
1,2021,349,17231.67,22.6,34.65,2.99,0.63,0
1,2021,350,17278.36,23.4,32.15,2.89,0.69,0
1,2021,351,19274.69,23.2,33.36,2.75,0.85,0
1,2021,352,20161.05,22,34.2,2.35,0.54,0
1,2021,353,18936.66,22.8,33.73,2.78,0.57,0
1,2021,354,15797.22,22.8,32.08,2.87,0.76,0
1,2021,355,16793.28,23.8,33.59,3.16,0.8,0
1,2021,356,17649.25,24.4,34.66,3.14,0.7,0
1,2021,357,16110.61,24.4,32.07,2.91,0.66,0
1,2021,358,18712.36,23.2,32.15,3.06,0.68,0
1,2021,359,17334.82,24,33.36,2.8,0.77,0
1,2021,360,20289.09,22.47,33.08,3.11,0.68,0
1,2021,361,17017.03,24,34.83,2.09,0.81,0
1,2021,362,11369.15,21.83,36.72,2.81,1,0
1,2021,363,11896.14,21.11,28.17,2.35,0.74,0
1,2021,364,15924.08,21.67,30.87,2.59,0.68,0
1,2021,365,14636.58,22.02,30.19,2.98,0.9,0
