*-----------------------------------------------------------
*  Station Name: PCME
*  DSSAT Weather file - by https://github.com/jrodriguez88
*  Longitude: -73.475773 -- Latitude: 4.029664 -- Elevation: 315m
*-----------------------------------------------------------
*  Date: 2012-01-01 : 2021-12-31
*
*  Column    Daily Value
*     1      Station number
*     2      Year
*     3      Day
*     4      irradiance         KJ m-2 d-1
*     5      min temperature            oC
*     6      max temperature            oC
*     7      vapor pressure            kPa
*     8      mean wind speed         m s-1
*     9      precipitation          mm d-1
*-----------------------------------------------------------
-73.475773,4.029664,315,0,0
1,2016,1,12476.96,22.39,31.61,3.1,0.2,0
1,2016,2,14257.41,21.44,32.61,3.1,0.12,0
1,2016,3,18715.45,21.94,33.61,3.13,0.2,0
1,2016,4,19301.73,21.56,34,3.17,0.16,0
1,2016,5,19186.89,21.5,34.56,3.24,0.22,0
1,2016,6,18751.71,22.72,34.22,3.25,0.23,0
1,2016,7,17510.06,22.44,34.44,3.31,0.05,0
1,2016,8,18456.41,23.72,34.94,3.31,0.15,0
1,2016,9,15074.25,22.44,34.56,3.29,0.23,0
1,2016,10,16920.32,23.94,34.72,3.29,0.25,0
1,2016,11,16535.22,23.94,33.5,3.15,0.34,0
1,2016,12,17060.2,22.44,34.67,3.24,0.24,0
1,2016,13,15178.72,22.39,33.94,3.2,0.22,0
1,2016,14,16175.15,21.06,34.61,3.07,0.24,0
1,2016,15,17711.25,21.17,34.11,3.04,0.26,0
1,2016,16,17197.49,21.06,34.78,3.15,0.2,0
1,2016,17,18384.74,20.94,35.61,3.15,0.2,0
1,2016,18,17959.92,20.78,35.67,3.19,0.2,0
1,2016,19,16822.75,20.56,34.94,2.97,0.27,0
1,2016,20,17567.91,22.17,33.78,3.08,0.24,0
1,2016,21,15811.64,20.61,33.61,2.94,0.2,0
1,2016,22,14866.15,20.56,34.06,3.03,0.08,0
1,2016,23,17611.08,20.83,36.06,3.2,0.1,0
1,2016,24,17388.31,21.44,36.61,3.27,0.08,0
1,2016,25,16060.31,21.94,35.39,2.98,0.28,0
1,2016,26,17330.46,20.89,35.33,2.94,0.26,0
1,2016,27,17348.59,19.5,34.83,2.89,0.29,0
1,2016,28,17111.14,19.89,35.72,3,0.27,0
1,2016,29,16973.85,20.78,36.39,3.12,0.21,0
1,2016,30,16794.25,20.72,36.67,3.08,0.25,0
1,2016,31,17031.7,21.78,35.94,3.06,0.36,0
1,2016,32,17168.13,19.89,36.17,3,0.18,0
1,2016,33,14786.71,19.94,36.28,3.09,0.1,0
1,2016,34,15120.87,22.78,36.22,3.37,0.08,0
1,2016,35,12433.79,23.39,35.44,3.42,0.13,0
1,2016,36,12362.12,23.39,36.06,3.35,0.14,0
1,2016,37,11631.64,21.78,36,3.14,0.26,0
1,2016,38,10667.16,24.78,34.28,3.48,0.21,2.6
1,2016,39,12189.43,24.17,33.78,3.27,0.2,0.2
1,2016,40,13207.45,22.39,36,3.4,0.16,0
1,2016,41,9947.9,24.33,33.56,3.61,0.15,2.2
1,2016,42,18813.02,23.94,35.5,3.28,0.26,0
1,2016,43,17322.69,23.56,34.72,3.17,0.21,0
1,2016,44,16070.68,24.11,35.89,3.37,0.1,0
1,2016,45,10750.05,23.67,33.83,3.15,0.05,0
1,2016,46,7796.16,23.94,31.33,3.21,0.16,0
1,2016,47,12347.45,24.06,35.44,3.47,0.1,0
1,2016,48,16714.81,24.78,37,3.57,0.15,0
1,2016,49,15859.13,24.39,34.67,3.29,0.08,0
1,2016,50,18510.81,23,36.44,3.25,0.07,0
1,2016,51,10408.12,25.72,34.94,3.23,0.07,0
1,2016,52,9080.99,25.28,33.94,3.15,0.13,0
1,2016,53,11570.33,24.28,35.11,3.43,0.08,0
1,2016,54,14585.53,23.56,36.39,3.26,0.13,0
1,2016,55,16492.04,23.61,36.56,3.37,0.23,0
1,2016,56,13393.96,24,34,3.42,0.4,27.8
1,2016,57,20344.79,23.44,34.33,3.32,0.12,1.4
1,2016,58,16463.55,25.06,35.33,3.16,0.22,0
1,2016,59,16960.04,22.72,35.56,3.16,0.2,0
1,2016,60,17546.32,22.89,36.61,3.43,0.03,0
1,2016,61,18204.28,26.06,35.11,3.54,0.21,0.2
1,2016,62,12984.68,25.28,34.17,3.64,0.07,0.2
1,2016,63,16024.05,25.56,35.06,3.6,0.1,0
1,2016,64,13347.33,24.33,36.22,3.53,0.16,0
1,2016,65,19654.03,24.72,37.28,3.67,0.12,0
1,2016,66,17941.79,24.89,37.17,3.47,0.1,0
1,2016,67,14516.45,24.39,35.39,3.43,0.08,0
1,2016,68,12502,24,34.33,3.37,0.03,0
1,2016,69,13282.57,23.83,35.11,3.31,0.12,0
1,2016,70,20910.36,21.94,37.67,3.21,0.14,0
1,2016,71,20546.84,22.44,37.44,3.19,0.27,0
1,2016,72,17611.08,23.11,36.78,3.16,0.13,0
1,2016,73,9030.04,25.11,33.83,3.2,0.27,0
1,2016,74,15150.23,23.5,35.39,3.48,0.31,0
1,2016,75,9187.71,23.56,27.67,3.06,0.3,1.2
1,2016,76,9102.57,23.61,29.22,3.16,0.62,0.6
1,2016,77,8915.2,24,29,3.22,0.19,0.4
1,2016,78,10142.17,23.44,31.56,3.34,0.45,0.8
1,2016,79,11271.58,24.17,32.89,3.6,0.24,0.4
1,2016,80,17815.72,24.67,35.06,3.76,0.25,0
1,2016,81,15297.88,24.61,33.61,3.72,0.36,2.6
1,2016,82,8106.14,24.06,30.39,3.38,0.26,7.6
1,2016,83,20917.26,24.11,34.56,3.52,0.25,0
1,2016,84,22424.86,22.83,35.22,3.32,0.14,0
1,2016,85,21809.22,22.72,36.22,3.29,0.22,0
1,2016,86,18675.73,24.83,36.67,3.56,0.1,0
1,2016,87,15276.29,25.06,35.44,3.63,0.29,0
1,2016,88,18730.13,23.39,34,3.47,0.38,0
1,2016,89,18363.16,23.78,33.61,3.52,0.1,28.6
1,2016,90,8087.44,23.11,27,3.01,0.29,79.4
1,2016,91,8739.06,24.39,28.67,3.19,0.27,0
1,2016,92,18114.48,24.22,33.06,3.56,0.08,24
1,2016,93,8017.7,22.89,25.89,2.9,0.34,54.4
1,2016,94,18222.41,23.56,32.89,3.56,0.05,0.6
1,2016,95,10998.72,24.06,30.56,3.35,0.42,0.4
1,2016,96,14340.31,23.83,32.67,3.43,0.14,0
1,2016,97,10595.49,24.28,30.83,3.47,0.12,3
1,2016,98,22888.54,23.67,34.5,3.49,0.07,0
1,2016,99,10117.13,24.72,29.94,3.35,0.14,0.2
1,2016,100,11692.94,24.5,32.5,3.59,0.08,0.8
1,2016,101,11440.82,24.06,31.67,3.5,0.47,2.2
1,2016,102,17553.23,23.67,33.5,3.62,0.33,22.8
1,2016,103,9008.45,23.33,30.44,3.34,0.62,24
1,2016,104,11404.55,24.39,31.39,3.48,0.1,0.2
1,2016,105,16301.22,23.94,32.28,3.46,0,0
1,2016,106,14354.98,24.44,31.78,3.45,0.09,0
1,2016,107,10371.85,22.83,30.28,3.26,0.21,46.8
1,2016,108,15877.26,23.06,32.67,3.39,0.47,8.4
1,2016,109,22823.78,23.83,34.56,3.63,0.31,0.2
1,2016,110,21262.65,24.33,34.11,3.61,0.25,11
1,2016,111,8233.21,22.72,26.56,2.93,0.12,17.8
1,2016,112,23453.24,22.72,34.22,3.45,0.25,27.4
1,2016,113,9685.41,23.11,29.83,3.23,0.2,29.6
1,2016,114,15545.69,22.39,30.89,3.22,0.42,0.2
1,2016,115,8060.29,22.83,26.39,2.94,0.26,80.6
1,2016,116,20729.89,23.39,32.78,3.43,0,0
1,2016,117,15423.08,25.22,33.5,3.7,0.03,0
1,2016,118,21230.7,24.67,34.67,3.7,0.24,1.2
1,2016,119,13959.52,23.56,31.83,3.46,0.7,10.4
1,2016,120,6706.48,23.11,27.44,3.04,0.44,1
1,2016,121,10415.03,21.78,26.83,2.8,0.63,0
1,2016,122,14487.96,22.22,29,2.99,0.62,0
1,2016,123,13948.3,23.5,31.56,3.34,0.21,0
1,2016,124,8043.84,22.72,25.83,2.87,0.2,12.4
1,2016,125,13563.19,22.44,30.39,3.19,0.12,0.2
1,2016,126,14016.51,23.5,30.78,3.33,0.12,0
1,2016,127,8166.76,23.39,26.61,3.01,0.14,49
1,2016,128,21053.69,23,33.33,3.49,0.03,0
1,2016,129,15445.53,24.11,31.83,3.53,0.2,2.8
1,2016,130,12584.9,23.83,30.5,3.39,0.24,11.6
1,2016,131,14434.42,23.17,32,3.3,0.05,0.2
1,2016,132,18186.15,22.39,32.28,3.24,0.02,0
1,2016,133,17866.67,23.89,32.78,3.47,0,0
1,2016,134,8815.02,22.44,27.06,2.95,0.12,75.6
1,2016,135,12883.65,22.56,28.83,3.11,0.14,3.8
1,2016,136,17794.14,23.72,32.89,3.57,0.2,4.2
1,2016,137,9753.62,23.61,28.72,3.21,0.14,21
1,2016,138,12980.36,22.89,31.17,3.38,0.14,21
1,2016,139,13772.15,22.78,31.28,3.38,0.16,19.8
1,2016,140,14487.96,22.44,30.61,3.21,0.02,22.6
1,2016,141,13052.89,23.44,31.44,3.35,0.02,0
1,2016,142,15132.1,24,30.78,3.34,0.12,0
1,2016,143,18276.81,23.33,31.61,3.31,0.23,0
1,2016,144,20510.58,24.44,32.94,3.5,0.55,2
1,2016,145,11095.43,23.56,30.56,3.37,0.34,6.2
1,2016,146,12800.76,23.28,28.94,3.16,0.02,0.2
1,2016,147,14962.86,23.94,31.33,3.42,0.13,0
1,2016,148,8393.67,23.78,27.28,3.07,0.02,43.4
1,2016,149,13494.98,22.56,30.5,3.28,0.28,23.2
1,2016,150,18959.81,22.56,31.44,3.23,0.07,0.2
1,2016,151,14779.81,23.67,30.83,3.35,0.09,2.6
1,2016,152,8974.59,22.72,27.44,3.01,0.02,14.2
1,2016,153,18996.07,22.56,31.28,3.18,0,0
1,2016,154,13833.46,23.61,30.5,3.2,0.1,0
1,2016,155,9220.87,22.17,30.83,3.26,0.16,3.8
1,2016,156,20651.32,22.17,31.56,3.16,0.12,0
1,2016,157,19711.88,23.22,32.56,3.37,0.23,3.2
1,2016,158,11678.27,23.06,30,3.2,0,0
1,2016,159,8433.39,22.94,31.17,3.39,0.11,4.4
1,2016,160,18514.26,22.5,31.83,3.26,0,0.2
1,2016,161,16463.55,23.22,30.83,3.21,0.18,1.6
1,2016,162,8005.12,22.83,26.39,2.87,0.28,13.2
1,2016,163,20888.77,22.83,30.72,3.09,0.12,0
1,2016,164,7443.87,22.22,27.61,2.9,0.25,29
1,2016,165,9030.04,22.5,27.61,2.91,0.52,58
1,2016,166,7231.46,21.83,25.44,2.63,0.3,1.4
1,2016,167,10080.87,22.06,27.61,2.82,0.07,4.8
1,2016,168,14074.36,22.5,28.61,2.88,0.24,0
1,2016,169,14228.92,22.61,29.78,2.99,0.39,0
1,2016,170,7924.16,22.61,25.61,2.62,0.29,37.6
1,2016,171,13174.64,22.33,29.06,2.87,0.08,4
1,2016,172,7724.49,22.22,25.94,2.53,0.19,23.6
1,2016,173,8069.88,22.67,25.89,2.52,0.07,5.6
1,2016,174,11138.6,22.5,29.78,2.83,0.15,4.4
1,2016,175,8170.04,22.94,26.78,2.57,0.05,8.2
1,2016,176,8049.88,22.39,25.83,2.43,0.09,15.8
1,2016,177,17808.82,22.33,31.06,2.83,0.36,12.8
1,2016,178,11689.49,21.61,28.72,2.62,0.05,0.2
1,2016,179,17427.17,22.28,31.17,2.87,0.05,0
1,2016,180,18028.13,23.33,31.44,2.96,0.05,0
1,2016,181,14444.78,23.61,30.67,2.96,0.26,5.4
1,2016,182,9562.79,23.11,27.67,2.59,0.28,5
1,2016,183,6479.39,22.67,25.33,2.31,0.27,7
1,2016,184,14380.03,22.17,30.06,2.71,0.07,14.2
1,2016,185,10627.44,21.83,28.94,2.59,0.1,10.8
1,2016,186,6831.68,22.28,26.67,2.35,0.02,6.8
1,2016,187,12369.03,22.22,29.56,2.67,0,0.4
1,2016,188,7479.27,22.67,27.33,2.42,0.18,53
1,2016,189,12357.81,22.22,29.22,2.59,0.09,1.4
1,2016,190,21269.55,21.33,31.11,2.67,0.03,0
1,2016,191,15948.93,22.67,31.89,2.83,0.22,1.4
1,2016,192,11814.69,22.28,29.94,2.66,0.05,0.4
1,2016,193,7933.45,22.17,29.11,2.51,0.07,3.4
1,2016,194,11012.54,21.28,29.22,2.53,0.15,0.2
1,2016,195,9353.84,22.06,29.61,2.54,0.24,3.4
1,2016,196,13393.96,22,31.06,2.65,0.25,6.8
1,2016,197,15613.91,22.78,31.67,2.76,0.09,1.2
1,2016,198,9224.32,22.06,27.17,2.38,0.25,0.6
1,2016,199,11174.87,22.5,29.94,2.61,0.08,0
1,2016,200,7616.08,22.06,25.06,2.08,0.43,43.4
1,2016,201,8551.69,21.72,29.17,2.52,0.07,0.2
1,2016,202,12678.15,22.17,29.72,2.57,0.23,5.4
1,2016,203,9325.34,22.83,27.5,2.36,0.28,6
1,2016,204,10756.96,22.17,29.22,2.59,0.6,0.2
1,2016,205,10268.24,23,30.67,2.75,0.18,0
1,2016,206,6615.81,23.17,27.56,2.5,0,4.4
1,2016,207,13106.43,22.61,30.56,2.68,0,0.2
1,2016,208,17830.4,22,31.72,2.67,0,0.2
1,2016,209,8440.3,21.5,26.83,2.24,0.26,40
1,2016,210,13157.37,23,29,2.5,0.13,2.4
1,2016,211,11819.01,22.56,29.44,2.47,0,0
1,2016,212,11667.04,22.44,29.33,2.4,0.53,0.4
1,2016,213,9145.74,21.89,28.89,2.31,0.29,1
1,2016,214,6975.88,22.72,27.28,2.2,0.09,0.6
1,2016,215,7731.4,22.56,25.83,2.02,0.38,0.8
1,2016,216,9242.45,22.11,27.39,2.17,0.33,3.6
1,2016,217,16251.14,22.22,30.89,2.51,0.3,0.4
1,2016,218,11002.18,23.06,29.89,2.45,0.27,0
1,2016,219,22730.53,22.5,33.72,2.65,0,0
1,2016,220,16189.83,23.67,33.06,2.68,0.12,1.6
1,2016,221,15088.92,22.33,31.17,2.4,0.54,56
1,2016,222,9785.57,22.44,28.06,1.96,0.3,28.8
1,2016,223,12408.75,22.5,30.22,2.27,0,0
1,2016,224,20737.66,22.22,32.5,2.42,0.38,20.2
1,2016,225,14614.02,22.72,29.33,2.21,0.36,0.2
1,2016,226,18488.36,23.17,32.39,2.45,0.1,0.2
1,2016,227,13117.65,22.94,28.89,2.13,0.08,4.2
1,2016,228,13232.49,22.83,30.5,2.27,0.2,16.8
1,2016,229,12128.13,22.83,31.22,2.31,0.02,0
1,2016,230,16643.15,22,31.44,2.15,0.28,35.6
1,2016,231,7259.95,22.94,26.78,1.54,0.21,26.4
1,2016,232,23079.36,21.72,33.5,2.27,0.02,0
1,2016,233,22730.53,24,34.28,2.55,0.07,0
1,2016,234,18866.55,22.67,32.5,2.43,0.43,4.6
1,2016,235,15808.18,21.72,31.28,2.34,0.95,4.6
1,2016,236,19650.57,22.11,31.67,2.37,0.9,0
1,2016,237,20805.88,23.33,31.67,2.4,0.68,0
1,2016,238,12764.5,23.28,30.72,2.31,0.27,0.6
1,2016,239,21320.5,23.33,32.33,2.41,0.33,0.8
1,2016,240,19590.13,23.89,31.61,2.55,0.58,3
1,2016,241,21629.62,22.72,32.78,2.4,0.08,0
1,2016,242,22442.99,24.33,33.72,2.46,0.22,3.2
1,2016,243,21089.96,23.61,33.94,2.43,0.19,0.2
1,2016,244,23461.01,24.17,33.89,2.65,0.35,0.8
1,2016,245,16689.77,21.22,33.33,2.36,0.37,23
1,2016,246,19852.62,24.06,32.22,2.54,0.2,0
1,2016,247,19481.33,24.56,33.11,2.64,0,0
1,2016,248,11825.92,23.22,29.5,2.01,0.2,2.2
1,2016,249,15125.19,23.28,31.78,2,0.48,0.8
1,2016,250,19002.98,21.61,32.22,2.09,0.64,40.6
1,2016,251,12426.88,21.72,28.33,1.61,0.81,25.2
1,2016,252,19197.26,22.72,32.61,2.19,0.16,1.4
1,2016,253,11692.94,22.78,31.28,1.85,0.16,19
1,2016,254,14272.09,23,31.28,1.58,0.29,5.4
1,2016,255,12664.33,23,29.56,1.74,0.07,0.6
1,2016,256,20899.13,22.11,32.94,2.24,0.47,0
1,2016,257,23180.39,23.33,34.39,2.34,0.03,0
1,2016,258,14901.55,22.39,33.11,1.97,0.38,26.4
1,2016,259,18931.31,22.28,31.78,1.84,0.05,0
1,2016,260,24515.29,23.11,34.28,2.28,0,0
1,2016,261,18989.16,22.83,32.33,2.13,0.23,0
1,2016,262,14685.69,22.94,31.06,1.67,0.24,6.4
1,2016,263,18582.47,22.56,33.44,2.1,0.37,0
1,2016,264,20244.63,22.67,32.5,2.22,0.56,0
1,2016,265,22604.46,22.72,31.72,2.15,0.68,11
1,2016,266,15970.51,22.5,29.83,1.77,0.29,29.4
1,2016,267,19514.14,22.83,33.06,2.39,0.05,0
1,2016,268,18338.12,22.89,31.78,2.19,0.3,4
1,2016,269,14793.62,22.33,31.56,1.87,0.27,2
1,2016,270,22169.28,23.28,33.72,2.06,0.17,0.6
1,2016,271,18161.11,23.5,33.83,2.17,0.09,0.2
1,2016,272,18035.91,23.11,33.78,2.09,0.4,0.2
1,2016,273,16596.52,23.28,30.67,1.97,0.57,0.6
1,2016,274,23648.38,23.33,35.06,2.35,0.2,0
1,2016,275,11077.3,24.11,29.94,2.07,0.45,0
1,2016,276,13800.65,21.67,29,1.89,0.6,47.4
1,2016,277,10602.4,22.22,27.89,1.74,0.15,0.2
1,2016,278,23687.24,23.06,33.44,2.62,0.08,0
1,2016,279,11300.93,22.56,30,1.81,0.25,27.2
1,2016,280,20766.16,22.83,33.33,2.68,0.12,0
1,2016,281,7900.64,23.72,28.94,1.74,0.03,0
1,2016,282,21212.57,22.67,33.72,2.37,0.1,2.4
1,2016,283,7662.45,22.28,26.11,1.5,0.3,44.6
1,2016,284,18114.48,22.44,32.17,2.19,0.12,0.2
1,2016,285,18564.34,22.72,32.56,2.36,0.29,57.4
1,2016,286,9587.83,22.61,29.83,1.96,0.19,29.8
1,2016,287,16596.52,22.22,33.11,2.48,0.07,0
1,2016,288,12865.52,23.11,32.33,2.19,0.12,4.2
1,2016,289,13768.7,23.44,32.44,2.36,0.09,17.6
1,2016,290,22323.84,22.67,35,2.58,0.1,0.2
1,2016,291,16636.24,23.44,31.28,2.14,0.32,0
1,2016,292,18370.06,23.28,33.83,2.72,0,0
1,2016,293,22805.65,24.78,35.06,2.7,0.16,0
1,2016,294,21053.69,22.72,34,2.38,0.05,0
1,2016,295,19193.8,23.67,33.83,2.6,0.15,16
1,2016,296,14473.28,23.61,33.89,2.62,0.16,0
1,2016,297,22205.54,23.33,33.5,2.39,0.18,0
1,2016,298,21888.65,23.67,34.06,2.67,0.1,0
1,2016,299,15847.9,22.94,32.61,2.22,0.14,0
1,2016,300,19399.31,24.33,34.17,2.63,0.1,0
1,2016,301,13279.12,24.33,32.61,2.18,0.12,0
1,2016,302,6346.41,23.28,29.06,2.44,0.28,13.2
1,2016,303,9152.65,22.67,27.89,2.05,0.51,0.2
1,2016,304,22003.49,21.5,33.22,2.2,0.1,0.2
1,2016,305,22672.67,22.33,34.06,2.39,0,0
1,2016,306,19107.46,23.06,34.72,2.61,0,0
1,2016,307,7811.84,23.33,25.61,2.66,0.05,35.8
1,2016,308,20568.43,23.39,33.22,2.65,0.08,0.2
1,2016,309,7844.19,22,25.78,2.74,0.78,22.2
1,2016,310,10894.25,21.78,28.89,2.12,0.32,0.2
1,2016,311,17830.4,22.61,31.67,2.45,0.23,0
1,2016,312,22162.37,22.39,33.94,2.7,0.1,0
1,2016,313,13034.76,23.11,31,2.34,0.05,0
1,2016,314,21647.75,23.11,33.78,2.91,0.14,0
1,2016,315,16445.42,23.89,33.33,2.6,0.27,0
1,2016,316,7896.58,22.22,26.72,1.44,0.23,34.8
1,2016,317,20457.04,22.5,32.5,2.69,0.07,0.2
1,2016,318,20920.72,23.28,33.28,2.64,0.19,0
1,2016,319,20816.24,24.56,33.67,2.78,0.19,0.6
1,2016,320,11991.7,23.94,32.89,2.6,0.15,1
1,2016,321,21780.72,24.44,33.78,2.67,0.18,0
1,2016,322,20611.6,23.67,33.83,2.58,0.18,0
1,2016,323,12444.15,24.28,32,2.65,0.23,0
1,2016,324,16732.95,24.17,32.39,2.63,0.08,0
1,2016,325,11901.04,23.28,32.83,2.47,0.07,0
1,2016,326,20337.88,23.89,34.06,2.56,0.08,0
1,2016,327,16402.24,24.33,33.39,2.54,0.18,0
1,2016,328,19949.33,24.06,33.61,2.74,0.18,0
1,2016,329,16701,24.06,33.06,2.6,0.1,0
1,2016,330,10845.88,22.78,29.11,2.84,0.24,4.2
1,2016,331,18974.48,22.33,34.17,2.52,0.05,0.2
1,2016,332,10908.06,23.56,30.17,2.05,0.03,4
1,2016,333,16131.98,24.17,32.5,2.4,0.16,0.2
1,2016,334,7558.8,23.33,26.61,2.87,0.31,11.2
1,2016,335,13185.86,22.78,32.17,2.49,0.22,1.2
1,2016,336,17984.96,22.22,31.67,2.53,0.5,0
1,2016,337,13272.21,23.11,30.06,2.17,0.2,1.2
1,2016,338,11699.85,22.83,28.72,1.87,0.38,6.6
1,2016,339,17992.73,22.39,32.39,2.66,0.1,0.2
1,2016,340,19841.4,23.33,33.33,2.65,0.15,0
1,2016,341,18262.13,23.78,33.39,2.41,0.18,0.4
1,2016,342,16045.64,24.44,32.78,2.56,0.18,0
1,2016,343,21662.43,22.56,33.44,2.66,0.28,0
1,2016,344,21287.69,22.56,33.17,2.59,0.38,0
1,2016,345,13423.31,22.44,31.83,2.43,0.25,0
1,2016,346,19964.01,21.11,31.56,2.42,0.35,0
1,2016,347,17377.09,22.44,31.89,2.21,0.25,0
1,2016,348,17456.53,22.17,33.06,2.22,0.22,0
1,2016,349,12909.09,21.56,29.5,1.9,0,0
1,2016,350,7992.16,21.56,30.33,2.25,0.12,0
1,2016,351,21420.66,20.72,33.67,2.06,0.25,0
1,2016,352,19582.36,22.94,33.78,2.34,0.23,0
1,2016,353,19258.56,22.11,32.5,2.28,0.42,0
1,2016,354,21374.03,21.61,32.06,2.13,0.48,0
1,2016,355,17409.03,20.22,32.83,2.08,0.25,0
1,2016,356,9670.73,22.39,30.44,2.3,0.18,0
1,2016,357,19812.9,22.94,33,2.53,0.24,0.2
1,2016,358,18212.05,23.67,33.67,2.58,0.29,0
1,2016,359,8886.71,22.94,30.28,1.88,0.1,11.6
1,2016,360,16563.71,22.83,32.39,2.42,0.24,4.4
1,2016,361,14326.49,23.06,32,2.51,0.32,0
1,2016,362,21197.89,21.11,31.89,2.25,0.55,0
1,2016,363,21709.05,19.5,33.44,2.16,0.38,0
1,2016,364,17675.84,19.94,33.39,2.22,0.34,0
1,2016,365,6450.89,22.61,28.11,1.72,0.14,36.6
1,2016,366,10782.86,22.22,29.56,1.83,0.19,1.2
