*-----------------------------------------------------------
*  Station Name: PCME
*  DSSAT Weather file - by https://github.com/jrodriguez88
*  Longitude: -73.475773 -- Latitude: 4.029664 -- Elevation: 315m
*-----------------------------------------------------------
*  Date: 2012-01-01 : 2021-12-31
*
*  Column    Daily Value
*     1      Station number
*     2      Year
*     3      Day
*     4      irradiance         KJ m-2 d-1
*     5      min temperature            oC
*     6      max temperature            oC
*     7      vapor pressure            kPa
*     8      mean wind speed         m s-1
*     9      precipitation          mm d-1
*-----------------------------------------------------------
-73.475773,4.029664,315,0,0
1,2015,1,21814.37,21.4,34.09,2.55,1.45,0
1,2015,2,18943.66,20.6,31.28,2.69,1.86,0
1,2015,3,19196.1,21.2,33.19,2.5,1.83,0
1,2015,4,18218.42,22.2,33.79,2.51,1.79,0
1,2015,5,21517.37,20.4,34.14,2.5,2,0
1,2015,6,20473.04,20,35.02,2.6,2.34,0
1,2015,7,19215.49,20.2,32.8,2.39,2.17,0
1,2015,8,12957.67,23,29.6,2.85,1.35,0
1,2015,9,17130.78,23.2,31.2,2.99,1.5,0
1,2015,10,19810.77,21.2,32.6,2.73,1.78,7
1,2015,11,14936.01,23,31,2.77,1.26,0
1,2015,12,18862.03,23,32.2,3,2.29,0
1,2015,13,18241.61,22.2,33.4,2.86,1.66,0
1,2015,14,15391.64,24.4,32.8,2.94,1.66,0
1,2015,15,16319.12,24,32,2.94,1.92,0
1,2015,16,16382.36,23,31.6,3,1.62,0
1,2015,17,13672.5,24,31,2.9,1.6,10
1,2015,18,15846.89,22.2,31,2.53,1.62,15
1,2015,19,14872.33,22.4,31.6,2.8,1.9,0
1,2015,20,10064.31,22.4,28.4,2.8,1.16,0
1,2015,21,15849.25,22.2,32,2.95,1.65,0
1,2015,22,10031.39,22.2,27.8,2.85,0.94,20
1,2015,23,12544.92,21.8,29,2.7,1.25,5
1,2015,24,10408.94,23,28.8,2.79,1.55,5
1,2015,25,18994.42,20.93,31.2,2.7,1.84,0
1,2015,26,15772.38,23.2,31.4,2.78,1.41,0
1,2015,27,16753.64,24,32.2,2.81,1.42,0
1,2015,28,15706.39,24.2,31.6,3.06,1.74,0
1,2015,29,18481.59,23.6,32.4,2.72,1.66,0
1,2015,30,14599.45,22.8,31.2,2.61,1.66,0
1,2015,31,15846.89,22.2,31,2.53,1.66,19
1,2015,32,13858.69,21,28.4,2.62,1.42,0
1,2015,33,16256.77,21.2,30.2,2.97,1.58,5
1,2015,34,11966,22.2,29.2,2.69,1.29,0
1,2015,35,18140.02,22.4,30.8,2.91,1.75,0
1,2015,36,19068.46,22.2,32.2,2.8,1.43,0
1,2015,37,17191.15,24.4,33.98,2.98,1.23,0
1,2015,38,17848.18,24.2,36.09,2.85,1.42,0
1,2015,39,18058.04,24.2,34.69,3.18,1.4,0
1,2015,40,15811.52,24.4,32.6,2.86,1.46,0
1,2015,41,16288.13,23.85,32.8,3.12,1.18,0
1,2015,42,17241.49,23.4,32.4,3.01,1.57,0
1,2015,43,9777.59,23.6,28.4,3.03,1.1,0
1,2015,44,16180.37,23,32.6,2.88,1.23,0
1,2015,45,19969.98,23.2,33.8,3.01,1.58,0
1,2015,46,20009.75,22.6,34,2.65,1.31,0
1,2015,47,20171.43,21.6,33.6,2.58,1.55,0
1,2015,48,16807.61,24.2,32.4,3.01,1.5,0
1,2015,49,17516.75,23.8,34.6,3.03,1.56,0
1,2015,50,18474.89,23.4,32.8,3.06,1.76,0
1,2015,51,14815.28,25,33.6,2.66,1.85,0
1,2015,52,20159.82,22,34.2,2.35,1.77,0
1,2015,53,15714.06,23.95,33.6,3.08,2.1,0
1,2015,54,20450.91,22.6,34.2,2.69,1.65,0
1,2015,55,18901.14,22.4,34.4,3.03,1.75,0
1,2015,56,14458.26,24.6,33.8,3,1.54,0
1,2015,57,20436.94,22.8,33.6,2.63,1.41,0
1,2015,58,16803.13,24,32.8,3.1,1.52,0
1,2015,59,19964.39,22.4,32.8,2.82,1.52,0
1,2015,60,19684.11,21.2,33.4,2.5,1.96,0
1,2015,61,18162.38,22.8,33.8,2.72,1.82,0
1,2015,62,17522.25,24.2,31.8,3.11,1.5,0
1,2015,63,18750.66,24,35.2,2.7,1.94,0
1,2015,64,17092.92,25,34.8,2.55,1.52,0
1,2015,65,12617.37,24.2,31.4,3.17,1.5,0
1,2015,66,14030.8,24.2,30.2,2.89,1.32,0
1,2015,67,20330.17,22.8,33.2,2.79,1.37,2
1,2015,68,14599.45,22.8,31.2,2.61,1.48,0
1,2015,69,12239.73,23.8,30.2,3.05,1.29,2
1,2015,70,16588.19,24,32.6,3.2,1.48,0
1,2015,71,19198.31,23.8,34.4,3.18,1.4,0
1,2015,72,17968.1,24.6,35.2,2.93,1.53,0
1,2015,73,16865.63,25.2,34.4,2.89,1.49,0
1,2015,74,18424.25,24,35.8,2.83,2.11,0
1,2015,75,16931.7,23.8,36.2,3.01,1.94,5
1,2015,76,13972.45,23.4,30.2,3.01,1.51,15
1,2015,77,7556.35,23.6,25.2,2.62,0.86,7
1,2015,78,8344.01,22.8,26.2,2.68,1.34,0
1,2015,79,16291.48,22.4,32,2.95,1.29,0
1,2015,80,15849.25,22.2,32,2.95,1.11,0
1,2015,81,21206.42,22.4,32.6,2.91,1.73,0
1,2015,82,19925.46,22.2,32.8,2.86,1.8,0
1,2015,83,20001.8,22,32.8,2.91,1.25,0
1,2015,84,17755.31,23.6,34.6,2.94,1.29,0
1,2015,85,14458.26,24.6,33.8,3,1.24,0
1,2015,86,17876.63,24,31.76,3.03,1.63,0
1,2015,87,17727.28,24.8,34.6,3.01,1.95,0
1,2015,88,10960.97,24,29,2.94,1.31,50
1,2015,89,17631.77,20.8,31.4,2.59,0.92,0
1,2015,90,15689.33,22.8,31.8,2.89,1.26,0
1,2015,91,20290.15,22.4,33.6,2.69,1.66,18
1,2015,92,20290.15,22.4,33.6,2.69,1.56,58
1,2015,93,7549.63,22.8,27.2,2.55,1.15,0
1,2015,94,14307.74,22.6,31.2,2.67,1.39,0
1,2015,95,20290.15,22.4,33.6,2.69,1.4,0
1,2015,96,19872.09,22.4,33.2,2.49,1.9,0
1,2015,97,11134.74,23.2,29,2.88,1.56,0
1,2015,98,14703.1,22.8,31.4,2.79,1.31,12
1,2015,99,15868.71,22.6,31.6,2.51,1.19,2
1,2015,100,13972.45,23.4,30.2,3.01,1.1,0
1,2015,101,10810.31,22.4,28.3,2.76,1.08,0
1,2015,102,18490.07,21.8,32,2.69,1.47,20
1,2015,103,16774.78,22.6,32,2.6,1.42,0
1,2015,104,16243.09,22.4,30.6,2.8,1.26,11
1,2015,105,18862.03,23,32.2,3,1.82,9
1,2015,106,18218.65,21.2,32.2,2.84,1.47,5
1,2015,107,14984.23,23,30.4,2.84,0.92,0
1,2015,108,16852.82,22.6,32.2,2.73,1.38,0
1,2015,109,14872.33,22.4,31.6,2.8,1.18,0
1,2015,110,13157.15,22,29.8,2.5,1.3,2
1,2015,111,17487.87,21.8,31.8,2.84,1.42,0
1,2015,112,15477.12,23.4,31.8,2.55,1.39,0
1,2015,113,7957.81,23.2,27.4,2.91,1.36,0
1,2015,114,16412.84,22.4,31.4,2.85,1.19,0
1,2015,115,18914.11,21,31.2,2.7,1.18,10
1,2015,116,18914.11,21,31.2,2.7,1.03,4
1,2015,117,19415.07,22.4,32.4,2.9,1.48,15
1,2015,118,21042.18,22.2,32.4,3.02,1.92,3
1,2015,119,18693.15,23,33,2.94,1.59,10
1,2015,120,18951.97,23.4,32.6,3.17,1.6,0
1,2015,121,18476.33,23.2,32.4,3.01,1.45,6
1,2015,122,14027.22,22.4,31.11,2.51,1.4,11
1,2015,123,21206.42,22.4,32.6,2.91,1.51,0
1,2015,124,19919.26,22.6,33.4,2.79,2.03,0
1,2015,125,17522.25,24.2,31.8,3.11,1.19,2
1,2015,126,16154.05,22.8,31.6,2.85,1.45,0
1,2015,127,18110.48,23.2,32.2,3.14,1.35,0
1,2015,128,10780.06,22.4,28.6,2.75,1.01,0
1,2015,129,17259.53,22,31.4,2.63,1.03,0
1,2015,130,19068.46,22.2,32.2,2.8,1.53,0
1,2015,131,19381.19,22.2,33,2.76,1.65,0
1,2015,132,15706.39,24.2,31.6,3.06,1.5,0
1,2015,133,14582.38,23.2,30.6,3.07,1.29,5
1,2015,134,8344.01,22.8,26.2,2.68,1.05,0
1,2015,135,14318.39,22.6,30.6,2.99,1.13,25
1,2015,136,16156.97,22.6,31.8,2.85,1.37,0
1,2015,137,15744.8,22,30.6,3.07,1.48,25
1,2015,138,16229.52,21.6,30.6,2.87,1.06,0
1,2015,139,13139.83,22,29.2,2.81,1.07,0
1,2015,140,16774.78,22.6,32,2.6,1.17,7
1,2015,141,15849.25,22.2,32,2.95,0.92,4
1,2015,142,18409.92,22,30,2.77,1.17,8
1,2015,143,13977.04,21.4,30.4,2.36,1.11,0
1,2015,144,18268.99,21.4,31.8,2.89,1.24,30
1,2015,145,15237.4,22.6,30.2,2.83,1.3,40
1,2015,146,17332.5,22.4,31.8,2.87,1.2,0
1,2015,147,15983.86,23,30.6,2.95,1.43,0
1,2015,148,12859.76,22.2,29.4,2.73,1.09,0
1,2015,149,12957.67,23,29.6,2.85,1.03,0
1,2015,150,12645.3,22.4,29.6,2.66,0.98,0
1,2015,151,14425.49,21.8,30.4,2.94,1.2,0
1,2015,152,13099.42,22.4,30.2,2.5,1.09,8
1,2015,153,7660.79,23,27,2.82,1.03,7
1,2015,154,13989.18,22.2,29.8,2.79,1.12,4
1,2015,155,10928.54,22.6,28.2,2.64,1.16,14
1,2015,156,16087.38,21.4,30,2.63,1.51,0
1,2015,157,17646.15,21.8,31.6,2.7,1.18,0
1,2015,158,17907.98,22.2,31.58,2.96,1.18,18
1,2015,159,17627.63,21.6,31.6,2.67,0.75,2
1,2015,160,13819.6,22.4,31,2.7,1.31,9
1,2015,161,14530.41,22,30.2,2.9,1.02,7
1,2015,162,7599.23,21.4,25.2,2.56,0.9,31
1,2015,163,18142.83,21.2,31.63,2.57,1.25,62
1,2015,164,12978.08,21.86,29.8,2.37,1.57,5
1,2015,165,12812.25,22.2,28.8,3,1.31,2
1,2015,166,11582.21,22.4,29.2,2.46,1.24,10
1,2015,167,13139.83,22,29.2,2.81,1.19,0
1,2015,168,14530.41,22,30.2,2.9,1.24,0
1,2015,169,15849.25,22.2,32,2.95,1.5,22
1,2015,170,17185.11,21.8,30.8,2.83,1.27,9
1,2015,171,18498.95,21.4,31.7,2.89,0.99,0
1,2015,172,14074.5,21.2,29.2,2.81,1.04,100
1,2015,173,9833.15,21,27.2,2.71,1.18,5
1,2015,174,20198.26,21.6,30,2.73,1.18,3
1,2015,175,12393.62,21.4,29.4,2.57,1.18,0
1,2015,176,8268.29,21.4,26,2.69,1.18,46
1,2015,177,8640.14,22,27,2.81,1.18,25
1,2015,178,8713.38,21.6,26.4,2.78,1.18,4
1,2015,179,7949.98,21.6,26,2.78,1.18,0
1,2015,180,11111.92,21.6,27.8,2.9,1.18,0
1,2015,181,16256.77,21.2,30.2,2.97,1.18,0
1,2015,182,15237.4,22.6,30.2,2.83,-99,0
1,2015,183,15278.24,22.2,31.2,2.5,-99,0
1,2015,184,16412.84,22.4,31.4,2.85,-99,0
1,2015,185,15384.26,23.2,31.6,2.79,-99,5
1,2015,186,15689.33,22.8,31.8,2.89,-99,7
1,2015,187,13139.83,22,29.2,2.81,-99,0
1,2015,188,13298.87,22.4,30,2.36,-99,0
1,2015,189,16469.73,22.2,31.4,2.81,-99,0
1,2015,190,16382.36,23,31.6,3,-99,12
1,2015,191,7848.01,22.4,26,2.52,-99,2
1,2015,192,12859.76,22.2,29.4,2.73,-99,35
1,2015,193,12112.96,21.4,29.2,2.56,-99,24
1,2015,194,16340.77,20.8,30.4,2.76,-99,0
1,2015,195,17811.85,22,30.8,2.99,-99,0
1,2015,196,15689.33,22.8,31.8,2.89,-99,0
1,2015,197,14936.01,23,31,2.77,-99,8
1,2015,198,16966.08,22,31.6,2.8,-99,0
1,2015,199,17259.53,22,31.4,2.63,-99,0
1,2015,200,15278.24,22.2,31.2,2.5,-99,55
1,2015,201,18285.44,21.4,31.4,2.8,-99,15
1,2015,202,11431.08,22,28.2,2.86,-99,0
1,2015,203,9872.39,21.8,27.6,2.91,-99,0
1,2015,204,10064.31,22.4,28.4,2.8,-99,5
1,2015,205,11929.34,22.2,29.6,2.58,-99,25
1,2015,206,15744.8,22,30.6,3.07,-99,0
1,2015,207,16824.95,22.2,30.2,3.04,-99,2
1,2015,208,17232.29,22.4,31.77,2.87,-99,8
1,2015,209,13262.24,21.8,29.8,2.43,-99,3
1,2015,210,14618.59,22.6,31,2.59,-99,1
1,2015,211,7784.96,22.2,26,2.4,-99,31
1,2015,212,12463.65,21.6,29.4,2.44,-99,0
1,2015,213,12229.34,22,29.6,2.44,-99,12
1,2015,214,12441.96,21.6,29.6,2.3,-99,0
1,2015,215,14862.27,22,31,2.45,-99,0
1,2015,216,14599.45,22.8,31.2,2.61,-99,8
1,2015,217,21042.18,22.2,32.4,3.02,-99,2
1,2015,218,17112.5,22,31.8,2.5,-99,0.4
1,2015,219,16291.48,22.4,32,2.95,-99,11
1,2015,220,16042.3,20.8,31.8,2.61,-99,0
1,2015,221,16106.37,20.6,31.8,2.56,-99,0
1,2015,222,12271.98,21.6,29.2,2.43,-99,8
1,2015,223,18268.99,21.4,31.8,2.89,-99,0
1,2015,224,20461.31,22.6,32.8,2.64,-99,0
1,2015,225,9833.15,21,27.2,2.71,-99,0
1,2015,226,7549.63,22.8,27.2,2.55,-99,42
1,2015,227,13139.83,22,29.2,2.81,-99,15
1,2015,228,7719.98,21.8,26,2.8,-99,25
1,2015,229,14759.91,21.4,30.2,2.53,-99,2
1,2015,230,18090.65,21,31.4,2.32,-99,5
1,2015,231,7555.04,22.8,27,2.12,-99,11
1,2015,232,15317.47,22.4,31.2,2.33,-99,3
1,2015,233,16690.23,22.6,31.6,2.22,-99,0
1,2015,234,15704.25,22.2,31.3,2.45,-99,0
1,2015,235,14107.02,22.8,31,2.45,-99,0
1,2015,236,13045.43,22.4,30.3,2.51,-99,0
1,2015,237,15426.04,23,31.4,2.78,-99,0
1,2015,238,16969.24,22.2,31.8,2.72,-99,0
1,2015,239,7678.14,23.2,27,2.87,-99,11
1,2015,240,19023.81,21.2,32.1,2.84,-99,0
1,2015,241,19685.44,21.8,33.2,2.45,-99,7
1,2015,242,19242.7,21.4,32.2,2.93,-99,0
1,2015,243,8846.29,21.4,27.2,2.78,-99,15
1,2015,244,11468.04,21.2,28.13,2.67,0.18,50
1,2015,245,19006.62,21.2,32.67,2.65,0.18,5
1,2015,246,17271.45,20.6,30.35,2.71,0.18,0
1,2015,247,16304.6,23.2,31.96,2.82,0.18,0
1,2015,248,13986.65,23.4,29.57,2.8,0.18,100
1,2015,249,17814.73,21.2,31.85,2.75,0.18,15
1,2015,250,19669.64,21.6,33.03,2.92,0.18,0
1,2015,251,24316.7,23.26,33.06,3.18,0.17,0
1,2015,252,10005.75,23.67,30.89,3.4,0.2,0
1,2015,253,14577.76,22.78,31.5,3.24,0.34,0
1,2015,254,10480.65,22.72,30,3.19,0.23,0
1,2015,255,23669.1,21.83,34.33,3.41,0.02,0
1,2015,256,20060.71,22.11,33.61,3.29,0.1,0
1,2015,257,24155.23,23,35.39,3.43,0.02,0
1,2015,258,9577.47,23.83,28.72,3.19,0.2,0
1,2015,259,18521.17,23,34.22,3.47,0.07,2.4
1,2015,260,13355.1,24.72,32.06,3.57,0.16,0
1,2015,261,7565.62,23.78,30.11,3.37,0.09,46.8
1,2015,262,18956.35,23.61,32.94,3.53,0.3,3
1,2015,263,12919.05,22.67,30.17,3.12,0.62,15
1,2015,264,20802.42,22.28,33.56,3.39,0.33,0
1,2015,265,24842.54,23.28,35.39,3.44,0.2,0
1,2015,266,19351.81,23.72,33.94,3.47,0.2,0
1,2015,267,20204.91,23.33,35.44,3.59,0.05,0
1,2015,268,23597.44,23.61,35.78,3.57,0.03,0
1,2015,269,23896.19,23.56,35.39,3.61,0.26,4.4
1,2015,270,24417.72,23.5,35.94,3.57,0.07,0.2
1,2015,271,22640.73,22.44,35.39,3.41,0.17,0
1,2015,272,19402.76,22.83,34.94,3.38,0.19,0
1,2015,273,18079.08,22.89,34.44,3.43,0.22,0
1,2015,274,13437.13,22.28,32.83,3.47,0.58,29.8
1,2015,275,17801.91,23.33,33.78,3.66,0.19,7.8
1,2015,276,22878.18,23.61,34.22,3.55,0.15,0.2
1,2015,277,19974.37,23.44,34.83,3.71,0.32,11.4
1,2015,278,22658.86,22.67,34.94,3.55,0.16,0.2
1,2015,279,23094.04,22.94,34.83,3.56,0.14,0
1,2015,280,18589.38,24.28,33.94,3.59,0.1,0
1,2015,281,22076.02,24.22,35.17,3.52,0.15,0
1,2015,282,20406.1,23.56,34.78,3.45,0.16,0
1,2015,283,13998.38,24.17,33.94,3.6,0.4,0
1,2015,284,18693.86,23.39,34.72,3.58,0.17,0
1,2015,285,18384.74,23,31.61,3.34,0.75,23.6
1,2015,286,8644.94,23.22,29.44,3.3,0.23,30.2
1,2015,287,15085.47,23,31.5,3.36,0.14,0.6
1,2015,288,10235.43,24.17,30.89,3.47,0.07,3.6
1,2015,289,12890.56,23.56,31.94,3.39,0.36,0.2
1,2015,290,14351.53,21.89,32.17,3.22,0.79,1.6
1,2015,291,13898.22,23.61,32.94,3.45,0.15,0
1,2015,292,10484.1,22.11,29.06,3.03,0.38,64.2
1,2015,293,22554.38,21.83,34.78,3.37,0.08,0
1,2015,294,20248.08,23.56,34.94,3.55,0.03,0
1,2015,295,17974.6,22.67,34.44,3.6,0.19,18.4
1,2015,296,14348.08,23,32.44,3.45,0.4,16.4
1,2015,297,10484.1,23.83,30.94,3.35,0.13,1.6
1,2015,298,14746.99,23.11,32.06,3.39,0.07,0.2
1,2015,299,21187.53,23.44,33.22,3.41,0.1,0.8
1,2015,300,13239.4,22.72,31.67,3.39,0.35,1.2
1,2015,301,13005.4,23.83,32.17,3.5,0.05,0.6
1,2015,302,20374.15,23.17,34.28,3.49,0.07,0
1,2015,303,20046.9,22.72,34.17,3.39,0.1,0
1,2015,304,20658.23,23.78,34.44,3.52,0.15,0.6
1,2015,305,22046.67,23.78,34.5,3.49,0.41,0
1,2015,306,9685.41,23.33,31.61,3.47,0.12,6
1,2015,307,19798.22,23.44,33.78,3.46,0.13,1.2
1,2015,308,6778.14,22.22,26.44,2.87,0.47,51
1,2015,309,11915.72,22.94,32.11,3.45,0.1,22
1,2015,310,17913.29,23,31.22,3.32,0.12,0.4
1,2015,311,11444.96,22.94,28.61,3.15,0.05,22.4
1,2015,312,13873.18,22.83,31.56,3.33,0.02,0
1,2015,313,15074.25,23.22,32.22,3.35,0.12,0
1,2015,314,16859.01,23.06,31.56,3.3,0.23,0
1,2015,315,16049.95,22.67,31.83,3.3,0.08,0.2
1,2015,316,22071.71,23.44,33.56,3.34,0.1,0.2
1,2015,317,12714.42,23.61,30.56,3.35,0.14,8
1,2015,318,10044.6,22.94,29.39,3.22,0.16,37.8
1,2015,319,12448.47,23.22,29.72,3.23,0.11,0.2
1,2015,320,14049.32,23.83,30.78,3.31,0.12,0
1,2015,321,11822.46,23.61,32.06,3.46,0.13,10.4
1,2015,322,14804.85,23.39,32.61,3.43,0.1,0.2
1,2015,323,21881.75,23.78,33.17,3.37,0.2,0
1,2015,324,20201.46,23.72,33.56,3.4,0.12,0
1,2015,325,13800.65,23.89,32.11,3.28,0.12,0
1,2015,326,19230.07,24.22,33,3.4,0.15,0
1,2015,327,10275.15,24.28,31.94,3.47,0.05,1.4
1,2015,328,19773.18,23.17,33.44,3.47,0.28,2
1,2015,329,18420.14,22.5,33.06,3.27,0.17,0
1,2015,330,18042.81,22.94,33.22,3.41,0.12,8.4
1,2015,331,18208.6,23.39,33.22,3.38,0.1,0
1,2015,332,18773.3,23.06,33.28,3.41,0.08,0
1,2015,333,13624.5,24.44,32.83,3.55,0.08,0
1,2015,334,14369.66,23.78,31.67,3.33,0.27,1.4
1,2015,335,11588.47,24.22,32.17,3.47,0.05,0
1,2015,336,12782.63,23.56,32.72,3.46,0.29,0
1,2015,337,7904.55,23.22,26.11,2.93,0.13,12.4
1,2015,338,14970.63,23.11,30.39,3.19,0.18,0.2
1,2015,339,17571.37,21.39,32.39,3.17,0.16,0
1,2015,340,16625.02,21.28,32.17,3.04,0.23,0
1,2015,341,11059.17,22,31.28,3.1,0.07,0
1,2015,342,20438.91,22.06,33.61,3.23,0.12,0
1,2015,343,18787.11,22.33,33.33,3.26,0.1,0
1,2015,344,15009.49,23.5,32.94,3.44,0.12,0
1,2015,345,20028.77,22.44,34.5,3.41,0,0
1,2015,346,17542.87,22.5,33.83,3.41,0.05,0
1,2015,347,13707.39,23.44,33.11,3.39,0.03,0
1,2015,348,9174.24,23.28,30.67,3.23,0.18,0
1,2015,349,15160.59,24,32.61,3.42,0.12,0
1,2015,350,10645.57,23.61,31.67,3.44,0.38,0.2
1,2015,351,11246.54,23,31.67,3.3,0.16,0
1,2015,352,9131.07,22.67,29.17,3.15,0.2,36.6
1,2015,353,12023.65,22.67,31.17,3.23,0.21,7.2
1,2015,354,20503.67,22.22,32.5,3.14,0.22,0
1,2015,355,20251.54,21.5,32.72,3.07,0.24,0
1,2015,356,13735.89,22.83,31.94,3.11,0.18,0
1,2015,357,20553.75,22.44,32.39,3.06,0.33,0
1,2015,358,17319.24,20.72,33.17,3.12,0.18,0
1,2015,359,20435.45,21.78,33.11,3.07,0.22,0
1,2015,360,17189.72,20.67,32.83,2.92,0.25,0
1,2015,361,20384.51,20.11,32.61,2.98,0.26,0
1,2015,362,16150.11,21.44,33.06,3.1,0.14,0
1,2015,363,12717.87,22.72,32.89,3.29,0.14,0
1,2015,364,7583.75,23.11,29.44,3.19,0.12,0.6
1,2015,365,12937.19,23.61,31,3.2,0.29,0
