*-----------------------------------------------------------
*  Station Name: PCME
*  DSSAT Weather file - by https://github.com/jrodriguez88
*  Longitude: -73.475773 -- Latitude: 4.029664 -- Elevation: 315m
*-----------------------------------------------------------
*  Date: 2012-01-01 : 2021-12-31
*
*  Column    Daily Value
*     1      Station number
*     2      Year
*     3      Day
*     4      irradiance         KJ m-2 d-1
*     5      min temperature            oC
*     6      max temperature            oC
*     7      vapor pressure            kPa
*     8      mean wind speed         m s-1
*     9      precipitation          mm d-1
*-----------------------------------------------------------
-73.475773,4.029664,315,0,0
1,2018,1,17540.9,20.84,32.23,2.73,0,0
1,2018,2,9869.61,20.93,27,2.66,0,0
1,2018,3,14186.48,22.1,32,2.96,0.61,0
1,2018,4,19530.43,21.02,32.6,2.72,1.11,0
1,2018,5,20084.94,20.95,32.6,2.8,1.4,0
1,2018,6,18262.65,21.51,31.31,2.75,0.75,0
1,2018,7,18942.63,20.91,32.6,2.69,0.93,0
1,2018,8,18742.36,21.63,33,2.83,1.27,0
1,2018,9,17596.18,22.65,31.8,2.93,1.15,0
1,2018,10,16980.02,21.86,31.4,2.58,0.88,0
1,2018,11,16084.83,22.75,32,2.94,0.91,0
1,2018,12,13715.24,21.09,29.3,2.7,0.56,0
1,2018,13,16660.04,20.73,32,2.61,1.03,0
1,2018,14,21199.88,21.15,34.2,2.55,1.53,0
1,2018,15,17976.95,21.53,33,2.75,0.07,0
1,2018,16,18575.46,16.61,31.2,1.87,0.56,0
1,2018,17,15370.03,18.17,29.6,1.94,0.67,8
1,2018,18,10590.25,21.77,28.6,2.82,0.73,12
1,2018,19,15744.8,22,30.6,3.07,0.89,0
1,2018,20,18862.03,23,32.2,3,1.45,0
1,2018,21,19597.08,23.2,33,2.77,1.19,0
1,2018,22,18951.97,23.4,32.6,3.17,0.12,0
1,2018,23,19925.46,22.2,32.8,2.86,0.2,0
1,2018,24,19142.89,21.2,32.8,2.57,1.02,0
1,2018,25,16180.37,23,32.6,2.88,0.71,0
1,2018,26,18516.95,21.54,33,2.8,1.42,0
1,2018,27,19846.08,20.4,35.96,2.36,1.58,0
1,2018,28,20187.19,20,33,2.53,1.76,0
1,2018,29,20171.43,21.6,33.6,2.58,1.66,2.54
1,2018,30,15529.88,24.6,33.4,2.96,1.45,0
1,2018,31,16184.74,24.8,34,3,1.33,0
1,2018,32,17220.76,23.4,33,2.82,1.87,0
1,2018,33,15927.25,24.4,33,3.14,1.62,0
1,2018,34,14006.24,25,32.8,2.97,1.22,0
1,2018,35,14006.24,25,32.8,2.97,1.44,0
1,2018,36,15491.76,24.8,31.6,3.11,1.21,0
1,2018,37,20237.13,23.2,33.6,2.82,1.78,0
1,2018,38,17582.03,24.4,32.4,2.99,2.42,0.6
1,2018,39,18929.44,23.2,34.4,2.91,1.76,36.6
1,2018,40,15670.72,24.2,33.8,3.19,2.15,0
1,2018,41,20756.84,22.77,35.6,2.55,1.93,0
1,2018,42,17890.03,23.2,35.2,2.95,1.97,0
1,2018,43,20006.57,22.8,33,2.96,2.12,0.8
1,2018,44,15933.44,23.2,30.8,3.14,2.06,0
1,2018,45,16638.87,23.2,32.8,2.3,1.92,0
1,2018,46,17582.03,24.4,32.4,2.99,1.45,0
1,2018,47,15865.7,24,33.5,3.05,1.95,1.2
1,2018,48,17102.49,24,34,3.05,2.17,1.2
1,2018,49,21267.59,21,34.2,2.38,2.53,3.2
1,2018,50,15846.89,22.2,31,2.53,2.92,0
1,2018,51,20126.69,22.6,33,2.57,3.07,1.2
1,2018,52,18924.14,23.4,33.8,2.81,2.89,9.4
1,2018,53,20740.81,21,33.8,2.58,2.25,0
1,2018,54,18810.33,23,33.8,2.61,2.66,0
1,2018,55,16322.59,24,31.6,2.98,1.65,0
1,2018,56,19326.67,23.4,33.6,2.74,1.51,3.2
1,2018,57,19570.15,22.6,35.14,2.71,1.92,0
1,2018,58,19314.02,22.2,37.12,2.59,1.77,0
1,2018,59,17920.41,22.85,36.46,2.9,1.58,0
1,2018,60,13589.96,23.83,36.22,3.41,1.3,9
1,2018,61,11344.11,24.72,33.33,3.01,1.47,0
1,2018,62,15366.09,23.78,34.83,3.16,0.78,0
1,2018,63,17704.34,24.22,34.72,3.11,1.02,0
1,2018,64,8842.55,21.61,26.44,2.71,1.74,4.2
1,2018,65,11055.71,21.72,29,2.89,0.8,1.4
1,2018,66,17156.91,23.94,33.72,3.75,1.36,0
1,2018,67,11293.67,23.94,30.73,3.58,1.28,10
1,2018,68,14028.43,23.5,30.39,3.27,0.96,0
1,2018,69,15373.96,24.76,30.49,3.05,1.97,0
1,2018,70,18318.21,24.33,35.17,3.5,2.1,0
1,2018,71,9874.5,22.67,36.56,3.66,1.74,0
1,2018,72,17081.11,23.11,37.5,3.75,1.54,0
1,2018,73,17330.58,23.06,37.61,3.75,1.87,0
1,2018,74,7877.02,23.83,26.56,2.74,2.18,0
1,2018,75,18032.16,25.22,37.78,3.62,1.96,0
1,2018,76,17524.48,22.44,37.5,3.72,1.84,0
1,2018,77,19783.54,23.61,36.89,2.89,2.11,0
1,2018,78,18225.87,24.06,35.83,3.01,1.49,0
1,2018,79,16701,23.56,36.28,2.84,1.3,0
1,2018,80,12806.98,26.84,34.56,2.48,1.3,0
1,2018,81,13959.52,23.67,36.28,3.27,1.75,0.4
1,2018,82,7994.54,23.83,26.33,2.8,1.12,0
1,2018,83,9940.58,24.27,28.38,2.92,1.5,2.6
1,2018,84,24172.5,23.17,36.06,2.58,1.51,0
1,2018,85,19564.23,22.83,37,2.85,1.57,0
1,2018,86,12939.78,25.06,34.33,3.21,1.36,0.6
1,2018,87,18536.81,23.81,32.42,2.94,1.35,0
1,2018,88,14618.03,23.24,30.24,3.08,0.81,0
1,2018,89,19786.71,21.8,32.2,2.92,1.16,0
1,2018,90,17145.38,23.08,32.8,2.94,1.11,0
1,2018,91,18018.36,23.8,32.86,3.08,1.04,33
1,2018,92,15384.21,26,32.72,3.56,1.16,0
1,2018,93,7300.77,25.78,26.06,2.98,1.16,0
1,2018,94,17231.12,23.39,32.39,3.01,1.32,0
1,2018,95,19196.46,23.29,33.49,2.67,0.78,0
1,2018,96,17518.25,23.53,33.2,2.85,0.99,14
1,2018,97,21068.42,22.5,32.9,3.04,0.95,0
1,2018,98,17434.56,23.78,34.11,2.99,1.63,0
1,2018,99,18867.6,22.95,34.56,2.89,1.02,0
1,2018,100,21596.95,22.58,34.41,2.69,1.22,0
1,2018,101,17285.28,22.36,31.36,2.9,1.04,60
1,2018,102,10782.19,21.69,28.41,2.5,1.33,20
1,2018,103,18817.45,23.8,33,3.19,1.1,16
1,2018,104,18711.06,21.24,32.85,2.72,2.12,0.2
1,2018,105,6670.21,24.56,30.94,3.55,0.67,0
1,2018,106,15940.7,24.28,33.33,3.53,1.54,1.6
1,2018,107,10439.99,24.5,32.31,3.72,1.72,0.2
1,2018,108,20297.25,21.69,32.46,2.86,1.27,0
1,2018,109,17081.47,22.52,31.64,2.55,1.36,0.76
1,2018,110,13353.62,21.94,29.83,2.28,0.7,0
1,2018,111,11012.2,24.79,28.99,2.96,1.46,38.84
1,2018,112,17442.74,24.09,34.29,2.92,1.54,3.4
1,2018,113,10059.28,25.11,33.06,3.84,0.9,0
1,2018,114,7792.31,24.61,25.17,3.02,1.52,0
1,2018,115,16707.9,24.06,32.17,3.03,1.43,0
1,2018,116,18089.58,22.51,31.74,2.9,1.73,18
1,2018,117,16865.32,24,31.83,2.93,1.25,3
1,2018,118,16852.46,22.2,31.75,2.72,1.06,0
1,2018,119,18445.41,22.4,33.52,2.88,1.5,41
1,2018,120,21067.59,22,33.92,2.47,1.23,13
1,2018,121,18331.89,21.2,31.11,2.68,1.37,35
1,2018,122,19084.84,21.2,32.76,2.56,1.28,0
1,2018,123,18790.65,22,32.36,2.46,1.38,78
1,2018,124,16639.02,21.8,31.76,2.83,1.4,18
1,2018,125,21651.26,21,34.38,2.49,1.54,0
1,2018,126,15120.5,22.2,30.57,3.03,1.15,2
1,2018,127,20556.11,22.6,32.81,2.7,0.78,58
1,2018,128,17810.41,21.8,31.52,2.5,1.65,24
1,2018,129,17155.37,22.4,31.78,2.87,1.13,2
1,2018,130,13499.51,23,31.3,2.31,1.2,31
1,2018,131,21206.42,22.4,32.6,2.91,1.32,1
1,2018,132,17241.57,22.8,32.4,2.9,1.55,2
1,2018,133,22459.19,22.2,32.6,2.93,1.42,0
1,2018,134,18385.15,22.8,32.6,2.69,1.14,0
1,2018,135,14696.68,23.2,30,3.06,1.39,6
1,2018,136,18054.33,19.2,31.7,2.54,1.1,0
1,2018,137,20043.6,22,32.4,2.62,1.36,0
1,2018,138,7440.5,21.9,25.8,2.71,1.14,2
1,2018,139,12593.63,21.6,29.5,2.22,1.17,3
1,2018,140,12077.27,21.5,29.4,2.57,1.05,11
1,2018,141,12714.3,21.2,29.4,2.82,0.83,0
1,2018,142,18010.05,21.2,31.4,2.64,1.01,23
1,2018,143,13845.15,21,29.2,2.68,1.47,16
1,2018,144,7784.96,22.2,26,2.4,0.85,7
1,2018,145,17241.59,20.8,30,2.81,1.08,0
1,2018,146,17631.94,21.2,31.8,2.73,1.09,3
1,2018,147,13788.27,22.94,30,3.07,0.64,6
1,2018,148,10159.88,20.8,27.8,2.7,0.91,14
1,2018,149,17241.59,20.8,30,2.81,0.93,7
1,2018,150,18631.24,21.4,31.2,2.71,0.78,0
1,2018,151,16412.84,22.4,31.4,2.85,1.06,3
1,2018,152,7403.52,24.2,25.3,2.5,1.04,0
1,2018,153,19147.42,21,31.1,2.75,1.17,4
1,2018,154,14599.45,22.8,31.2,2.61,1.03,49
1,2018,155,16677.77,21.81,31.1,2.22,1.5,43
1,2018,156,17727.51,22.09,30,2.84,1.13,8
1,2018,157,10322.87,22.1,28.3,2.79,1.42,0
1,2018,158,8834.89,21.6,27.4,2.82,0.76,20
1,2018,159,11482.87,21.84,28,2.89,0.85,9
1,2018,160,13458.95,20.06,28.6,2.45,1.35,8
1,2018,161,15505.43,23.4,30.4,3.12,0.91,10
1,2018,162,16768.24,22.1,30.8,3.04,0.93,0
1,2018,163,16469.73,22.2,31.4,2.81,0.8,15
1,2018,164,7784.96,22.2,26,2.4,1.24,112
1,2018,165,18409.92,22,30,2.77,0.92,0
1,2018,166,8677.32,21.8,26.4,2.8,1.53,9
1,2018,167,11633.86,22.2,29,2.93,0.84,4
1,2018,168,11838.25,22.6,29.2,2.81,2.2,0
1,2018,169,7602.15,22.69,25.2,2.46,1.5,0
1,2018,170,13342.69,20.4,28.6,2.47,0.94,0
1,2018,171,12801.99,21.4,28.6,2.71,0.58,0
1,2018,172,11205.27,22,29,2.88,1.2,0
1,2018,173,16452.12,22.2,30,2.92,0.8,0
1,2018,174,13298.87,22.4,30,2.36,0.96,8
1,2018,175,13262.24,21.8,29.8,2.43,1.02,0
1,2018,176,12218.97,22,28.8,2.94,0.9,0
1,2018,177,7549.63,22.8,27.2,2.55,0.69,26
1,2018,178,16229.52,21.6,30.6,2.87,0.94,24
1,2018,179,8743.78,21.8,26.8,2.72,1.71,1
1,2018,180,11146.65,21.2,28.4,2.71,0.52,1
1,2018,181,13376.78,20,28.4,2.54,0.78,5
1,2018,182,14919.85,20.1,29.4,2.62,0.71,0
1,2018,183,14335.69,20.9,29.4,2.64,0.87,2
1,2018,184,7957.54,21.6,26.2,2.8,0.43,7
1,2018,185,13515.67,20.8,28.4,2.55,0.23,3
1,2018,186,18409.92,22,30,2.77,0.18,0
1,2018,187,13084.87,22.6,29.5,2.86,0.07,2
1,2018,188,8640.14,22,27,2.81,0.2,3
1,2018,189,21402.4,22,34.4,2.53,0.21,1
1,2018,190,20302.57,21.8,33.6,2.56,0.05,24
1,2018,191,8277.95,22.8,26.6,2.69,0.13,14
1,2018,192,11198.42,21.4,27.8,2.86,0.23,3
1,2018,193,10031.39,22.2,27.8,2.85,0.09,29
1,2018,194,8070.48,21.8,25.8,2.76,0.12,29
1,2018,195,26249.12,21.4,30,2.73,0.22,3
1,2018,196,15849.25,22.2,32,2.95,0.5,17
1,2018,197,13244.94,22.37,29.6,2.71,0.24,8
1,2018,198,13051.12,22.8,29.6,2.94,0.25,67
1,2018,199,9449.8,20.8,27.4,2.67,0.32,3
1,2018,200,14425.49,21.8,30.4,2.94,0.44,3
1,2018,201,19872.09,22.4,33.2,2.49,0.24,9
1,2018,202,15983.86,23,30.6,2.95,0.45,12
1,2018,203,16427.28,21.2,30.6,3.03,0.1,0
1,2018,204,14599.45,22.8,31.2,2.61,0.05,33
1,2018,205,7656.29,22.4,26.8,2.53,0.25,21
1,2018,206,12271.98,21.6,29.2,2.43,0.26,14
1,2018,207,15099.18,22.2,30.56,3.03,0.26,16
1,2018,208,12650.68,22,29.2,2.87,0.26,0
1,2018,209,15846.89,22.2,31,2.53,0.26,0
1,2018,210,13819.6,22.4,31,2.7,0.09,2
1,2018,211,11546.11,22.8,29,2.8,0.03,25
1,2018,212,18909.72,22.2,28.69,3.11,0.18,19
1,2018,213,8844.35,21.2,27,2.74,1.03,0
1,2018,214,14656.08,21.4,30.4,2,1.03,0
1,2018,215,11877.28,22.4,29,2.69,0.16,20
1,2018,216,15300.8,23.2,30.5,3.07,1.03,4
1,2018,217,20125.53,22.6,34.4,2.87,1.03,0
1,2018,218,18110.48,23.2,32.2,3.14,1.03,0
1,2018,219,16267.05,23.2,32,2.81,1.03,16
1,2018,220,15400.63,21,30.2,2.9,1.03,24
1,2018,221,8119.78,21.8,26.2,2.81,1.03,14
1,2018,222,19786.71,21.8,32.2,2.92,0.83,0
1,2018,223,18862.03,23,32.2,3,0.99,0
1,2018,224,19783.89,22,32,2.6,1.57,2
1,2018,225,16243.09,22.4,30.6,2.8,0.84,1
1,2018,226,8834.89,21.6,27.4,2.82,1.1,24
1,2018,227,19783.89,22,32,2.6,0.55,1
1,2018,228,18629.29,20.2,32.4,2.62,1.04,0
1,2018,229,14834.93,21.6,30.2,2.67,1.04,0
1,2018,230,13099.42,22.4,30.2,2.5,0.97,0
1,2018,231,14141.39,22.5,31.2,2.82,0.68,0
1,2018,232,14639.06,23.6,31.2,2.91,1.28,4
1,2018,233,17631.94,21.2,31.8,2.73,1.3,42
1,2018,234,14880.62,22.23,31,2.56,1.17,0
1,2018,235,15714.83,21.2,30.5,3,1.25,2
1,2018,236,17207.89,21,32,2.68,0.7,0
1,2018,237,16032.42,23,31.8,2.51,1.12,41
1,2018,238,16969.24,22.2,31.8,2.72,1.57,0
1,2018,239,14628.68,21.4,30.6,2.63,0.68,0
1,2018,240,9327.16,21.8,27.2,2.88,1.36,3
1,2018,241,11838.25,22.6,29.2,2.81,1.39,0
1,2018,242,17100.65,22.2,31.6,2.93,0.65,20
1,2018,243,18779.12,22,32.2,2.59,1.49,0
1,2018,244,17241.57,22.8,32.4,2.9,1.07,0
1,2018,245,14936.01,23,31,2.77,1.1,30
1,2018,246,13099.42,22.4,30.2,2.5,1.33,15
1,2018,247,13095.25,23,30.2,2.86,1.23,0
1,2018,248,11582.21,22.4,29.2,2.46,1.28,7
1,2018,249,16452.12,22.2,30,2.92,1.13,0
1,2018,250,17654.89,22.8,30.4,3.01,1.16,0
1,2018,251,16032.32,23.2,31.3,2.79,1.02,0
1,2018,252,18950.28,21.8,32.8,2.85,0.86,2
1,2018,253,18725.08,21.4,32.4,2.75,0.81,0
1,2018,254,17293.29,21.8,29.93,2.85,0.75,0
1,2018,255,16265.61,22.2,31.42,2.82,0.69,0
1,2018,256,16791.95,23.6,32.62,3.07,1.37,0
1,2018,257,8945.21,22.4,27.79,2.91,0.84,0
1,2018,258,16497.66,23.6,33.33,2.93,1.02,0
1,2018,259,13690,21.2,29.5,2.79,0.56,0
1,2018,260,17657.85,20.2,30.4,2.75,1.64,4
1,2018,261,18856.32,22.15,32.2,2.89,1.31,0
1,2018,262,19645.86,21,32.78,2.44,1.53,17
1,2018,263,18208.68,21.4,35.17,2.95,0.6,0
1,2018,264,15100.15,23.72,32.67,3.37,1.61,0
1,2018,265,21672.79,22.72,32.44,3.05,1.13,0
1,2018,266,15085.47,23.78,33.56,3.48,1.07,0
1,2018,267,18326.89,23.5,33.72,3.2,0.82,100
1,2018,268,20276.58,22.5,31.78,3.07,1.33,17
1,2018,269,15704.57,22.67,30.61,3.28,1.89,24
1,2018,270,18064.4,22.78,31.94,3.4,1.89,0
1,2018,271,21953.41,22.06,32.83,3.4,1.42,0
1,2018,272,23104.4,24.78,34.44,3.36,0.78,5
1,2018,273,14718.5,23.5,30.94,3.22,1.47,10
1,2018,274,19489.1,23.89,33.22,3.6,1.77,11
1,2018,275,21489.74,23.67,34.39,3.25,0.68,0
1,2018,276,24180.27,23.5,33.33,3.15,0.86,0
1,2018,277,17974.6,23,32.56,3.13,0.99,0
1,2018,278,19974.37,23.33,32.39,3.44,1.06,121
1,2018,279,17262.25,22.89,31.44,3.31,1.83,0
1,2018,280,8979.96,23.22,32.33,2.97,0.79,0
1,2018,281,16903.07,24.17,34.11,3.1,0.99,0
1,2018,282,14544.12,24.56,33.28,3.34,1.52,0
1,2018,283,8677.75,23.61,33.56,3.47,1.35,131
1,2018,284,15236.58,23.17,30.94,3.22,1.12,0
1,2018,285,15010.15,25,31.83,3.31,1.06,52
1,2018,286,22197.77,25.06,30.67,3.18,1.72,0
1,2018,287,21327.41,24.94,33.11,2.84,1.59,0
1,2018,288,24065.43,23.61,30.5,3.01,1.66,0
1,2018,289,22104.52,24.28,32.39,3.11,1.12,0
1,2018,290,20735.94,24.83,33.94,3.02,1.19,0
1,2018,291,13776.59,25.28,34.44,3.11,0.94,0
1,2018,292,18726.67,25.44,32.33,3.3,1.38,0
1,2018,293,14402.87,25.06,32.83,3.17,1.15,2
1,2018,294,24820.09,24.28,31.83,3.2,1.08,0
1,2018,295,13675.47,23.86,30.81,3.2,1.07,47
1,2018,296,25877.83,25.89,31.5,3.37,0.92,0
1,2018,297,9532.57,25.67,32.28,3.66,1.79,0
1,2018,298,15628.59,25.22,31.22,3.23,1.55,0
1,2018,299,9131.07,24.33,32.83,3.45,1.08,14
1,2018,300,9519.62,24.72,33.44,3.16,1.61,0
1,2018,301,17097.75,23.95,32.45,3.03,1.84,17
1,2018,302,15025.97,24.72,33.78,3.25,1.61,0
1,2018,303,8951.47,24.83,33.78,3.24,1.91,2
1,2018,304,13182.41,25.89,33.33,3.33,1.96,0
1,2018,305,7181.38,25.78,34.06,3.54,0.95,4
1,2018,306,13930.16,24.33,31.94,3.39,1.51,0
1,2018,307,13028.71,23.94,34,2.83,1.68,0
1,2018,308,8695.88,25.72,33.56,3.08,1.74,0
1,2018,309,21751.36,24.78,33.11,2.78,1.18,0
1,2018,310,13534.7,26.67,34.28,2.87,1.05,0
1,2018,311,7902.57,24.17,27.5,3.03,0.93,3
1,2018,312,6648.62,24.17,32.56,3.67,0.95,0
1,2018,313,12968.73,23.56,32.17,3.53,0.67,27
1,2018,314,12219.65,23.44,29.77,3.03,0.81,0
1,2018,315,8246.02,25.61,32.94,3.87,0.88,0
1,2018,316,14278.07,25.89,31.83,3.64,0.93,0
1,2018,317,17866.67,25.33,33.56,2.86,2.04,0
1,2018,318,12596.98,26.06,34.06,2.96,1.18,0
1,2018,319,24831.32,26.17,33.94,2.94,1.93,0
1,2018,320,12623.75,25.94,32.33,3.29,1.7,0
1,2018,321,22234.04,25.78,31.28,3.42,1.41,0
1,2018,322,23942.82,24.67,31.94,3.35,1.68,0
1,2018,323,27078.03,24.33,33.56,2.79,1.8,0
1,2018,324,14867.02,25.78,34.28,3.09,1.47,0
1,2018,325,22924.8,23.89,33.94,3.08,1.96,0
1,2018,326,22320.38,25.44,34.28,2.92,1.56,0
1,2018,327,13517.43,25.39,33,2.7,1.92,0
1,2018,328,21917.15,25.44,34.22,2.59,1.96,0
1,2018,329,15888.22,25.56,34.28,2.55,1.6,0
1,2018,330,25426.24,25.22,34.22,2.61,1.77,0
1,2018,331,14738.6,24.94,33.06,2.97,1.02,0
1,2018,332,14636.24,26.11,34.61,2.62,1.81,0
1,2018,333,7771.12,25.44,34.56,3.07,2.19,0
1,2018,334,7402.93,24.5,25.44,2.5,1.98,0
1,2018,335,16149.75,22.75,31.95,3.02,1.63,0
1,2018,336,21307.44,22.23,32.68,2.89,1.9,0
1,2018,337,9670.73,24,33.28,2.47,1.81,0
1,2018,338,21614.94,23.17,33.56,2.46,1.7,0
1,2018,339,16420.38,22.44,33.89,2.53,1.87,0
1,2018,340,14051.05,23.83,34.17,2.65,1.41,0
1,2018,341,11857.87,26.28,34.06,2.67,1.15,0
1,2018,342,9014.5,26.17,34.28,2.78,1.29,0
1,2018,343,15459.47,24.44,30.94,3.08,1.15,0
1,2018,344,17174.63,21.81,31.41,2.54,1.67,0
1,2018,345,12833.67,24.06,31.33,2.6,0.46,0
1,2018,346,14944.95,24.44,33.17,3.01,0.35,0
1,2018,347,6942.2,22.89,31.94,3.54,1.22,6
1,2018,348,15390.81,24.33,31.56,3.04,0.63,0
1,2018,349,26199.03,22.5,34.33,2.43,1.5,0
1,2018,350,20153.18,22.33,32.4,3.07,1.41,0
1,2018,351,17224.4,23.6,33.21,2.63,1.24,0
1,2018,352,19075.46,22.63,33.63,2.59,1,0
1,2018,353,16654.09,22.18,31.98,2.98,0.71,0
1,2018,354,18711.36,23.05,34.33,2.98,0.91,0
1,2018,355,17384.35,23.36,33.13,2.89,1.07,0
1,2018,356,19359.12,23.02,33.82,2.65,1.15,0
1,2018,357,17279.21,23.58,31.69,3.11,1.23,0
1,2018,358,17247.52,22.9,32.4,2.89,1.13,0
1,2018,359,18002.17,23.7,32.9,3.29,1.38,0
1,2018,360,16774.9,21.72,31.33,2.64,1.15,0
1,2018,361,18446.99,22.87,32.09,3,1.5,0
1,2018,362,17484.07,21.2,32,2.86,1.99,0
1,2018,363,18090.75,19.8,31.45,2.58,1.74,0
1,2018,364,22031.81,19,33.74,2.58,1.4,0
1,2018,365,18427.56,18.6,31.26,2.48,1.35,0
