*-----------------------------------------------------------
*  Station Name: PCME
*  DSSAT Weather file - by https://github.com/jrodriguez88
*  Longitude: -73.475773 -- Latitude: 4.029664 -- Elevation: 315m
*-----------------------------------------------------------
*  Date: 2012-01-01 : 2021-12-31
*
*  Column    Daily Value
*     1      Station number
*     2      Year
*     3      Day
*     4      irradiance         KJ m-2 d-1
*     5      min temperature            oC
*     6      max temperature            oC
*     7      vapor pressure            kPa
*     8      mean wind speed         m s-1
*     9      precipitation          mm d-1
*-----------------------------------------------------------
-73.475773,4.029664,315,0,0
1,2014,1,19042.61,21.23,32.8,2.58,0.17,0
1,2014,2,19408.72,21.66,32.6,2.94,0.17,0
1,2014,3,19856.27,21.19,32.6,2.78,0.17,0
1,2014,4,20514.07,21.5,32.8,2.93,0.17,0
1,2014,5,19739.8,22.19,33.2,2.55,0.17,0
1,2014,6,19422.64,22.68,33,2.54,0.17,0
1,2014,7,15388.9,21.81,31,2.57,0.17,0
1,2014,8,18738.93,21.26,31.6,2.78,0.17,0
1,2014,9,15767.46,23.32,32,2.91,0.17,0
1,2014,10,17241.68,22.03,31.6,2.88,0.17,0
1,2014,11,20157.88,22.08,32.8,2.91,0.17,0
1,2014,12,20900.63,22.42,33,2.93,0.17,0
1,2014,13,19799.6,20.91,33.2,2.63,0.17,0
1,2014,14,18883.13,21.22,33.2,2.41,0.17,0
1,2014,15,19413.43,20.82,33.2,2.72,0.17,0
1,2014,16,20446.77,21.24,33.6,2.63,0.17,0
1,2014,17,18241.61,22.2,33.4,2.86,0.17,8
1,2014,18,18211.96,21.74,33,2.76,0.17,0
1,2014,19,18866.26,21.76,32.8,2.85,0.17,0
1,2014,20,20022.2,20.49,33.2,2.64,0.17,0
1,2014,21,19794.6,22.29,32.4,2.83,0.17,0
1,2014,22,20183.19,22.35,34,2.68,0.17,0
1,2014,23,18704.05,23.05,35.2,2.95,0.17,0
1,2014,24,16025.85,23.24,32.04,2.78,0.17,0
1,2014,25,16084.14,23.48,31.98,2.94,0.17,0
1,2014,26,22219.79,21.79,34.07,2.57,0.17,0
1,2014,27,15122.8,20.72,35.12,3.81,0.17,0
1,2014,28,20167.78,20.06,31.39,2.79,0.37,0
1,2014,29,14989.17,25.06,33.56,2.8,0.06,0
1,2014,30,18085.27,20.78,32.22,2.89,0.06,0
1,2014,31,11372.6,21.83,33.33,2.82,0.2,0
1,2014,32,17345.14,19.67,35.44,2.79,0.2,0
1,2014,33,18496.13,22.17,34.39,2.97,0.31,0
1,2014,34,16646.6,21.83,35.94,3.13,0.16,0
1,2014,35,14539.76,22.33,33.39,2.88,0.4,0
1,2014,36,15894.53,23.22,34.33,3,0.34,0
1,2014,37,9325.34,22.78,32.39,3.13,0.15,0
1,2014,38,15751.2,22,31.78,2.86,0.4,0
1,2014,39,16423.83,19.67,34,2.86,0.33,0
1,2014,40,17783.78,21.28,34.83,3.03,0.34,0
1,2014,41,12002.06,23.06,34.83,3.03,0.21,0
1,2014,42,19232.66,21.78,34.78,3.03,0.28,0
1,2014,43,18474.54,21.89,35.06,3.08,0.3,0
1,2014,44,21025.2,20.78,35.78,2.93,0.35,0
1,2014,45,21582.99,19.78,35.72,2.7,0.44,0
1,2014,46,21780.72,18.94,35.5,2.59,0.35,0
1,2014,47,19590.13,19.06,36.11,2.8,0.25,0
1,2014,48,9269.22,21.5,35.06,2.91,0.11,0
1,2014,49,14645.97,22.72,34.94,2.82,0.28,0
1,2014,50,15686.44,22.67,35.39,2.82,0.33,0
1,2014,51,9660.37,23.33,34.67,2.96,0.23,0
1,2014,52,17258.79,22.56,35.83,2.8,0.2,0
1,2014,53,17499.7,22.06,35.17,2.8,0.38,0
1,2014,54,14754.77,23.11,35.06,3.01,0.27,0
1,2014,55,12437.25,24.56,34.39,3.27,0.12,0
1,2014,56,8566.36,24.28,33.06,3.38,0.08,0
1,2014,57,8199.39,23.17,29.78,3.22,0.29,0.6
1,2014,58,24565.37,22.44,33,2.97,0.41,0.4
1,2014,59,7544.89,24.11,30.28,3.25,0.29,0.6
1,2014,60,19550.41,22.83,33.78,3.07,0.33,0.2
1,2014,61,12415.66,23.33,32.67,2.93,0.29,0.2
1,2014,62,13121.1,23.67,33.67,2.93,0.2,0.2
1,2014,63,14290.23,23.28,32.83,3.08,0.1,0
1,2014,64,19888.02,22.94,35.17,3.31,0.17,0
1,2014,65,16995.44,23.44,35.56,3.39,0.03,0
1,2014,66,15049.87,23.94,32.06,3.31,0.17,0
1,2014,67,15517.2,23.61,33.61,3.09,0.16,0
1,2014,68,16795.98,22.67,34.22,3.05,0.22,0
1,2014,69,13520.02,22.17,35,3.08,0.1,0
1,2014,70,10933.1,22.33,34.67,3.3,0.21,0
1,2014,71,17509.2,23.06,33.56,3.41,0.11,0
1,2014,72,14272.96,24.22,33.94,3.33,0.28,10
1,2014,73,16269.27,23.67,34.5,3.32,0.1,0
1,2014,74,10497.06,24.22,33.61,3.55,0.13,35
1,2014,75,24852.9,24.06,35.11,3.03,0.43,0
1,2014,76,18794.88,22.78,35.22,2.96,0.28,0
1,2014,77,16916,24.72,33.5,3.28,0.18,0
1,2014,78,7205.55,22.33,29.72,3.24,0.02,0
1,2014,79,10670.61,22.56,31.56,3.46,0.18,0
1,2014,80,15768.47,22.11,33,3.29,0,0
1,2014,81,14891.19,23.61,33.33,3.32,0.16,0
1,2014,82,22600.14,20.72,35.44,3.02,0.23,10
1,2014,83,20520.07,20.94,35.28,2.99,0.23,0
1,2014,84,21374.03,21.94,36.78,3.17,0.25,15
1,2014,85,12616.84,22.61,34.83,3.19,0.1,0
1,2014,86,13066.71,22.5,32.11,3.2,0.18,0
1,2014,87,10195.71,23.56,30.28,3.23,0.1,0
1,2014,88,14049.32,22.06,34.06,3.47,0.03,0
1,2014,89,15753.89,24.5,33.67,3.3,0.33,0
1,2014,90,20899.99,22.89,33.72,3.49,0.31,0
1,2014,91,13508.37,23.06,33.14,3.81,0.07,0
1,2014,92,16857.93,23.67,33.06,2.93,1.19,0
1,2014,93,15439.4,24.35,33.41,2.84,1.61,0
1,2014,94,13764.09,24.94,30.21,2.96,1.32,10
1,2014,95,14838.24,24.32,32.82,3.1,1.65,18
1,2014,96,14846.07,24.16,32.55,3.17,1.39,0
1,2014,97,18840.31,22.02,32.22,2.61,1.19,26
1,2014,98,21550.18,24.44,31.94,3.47,0.25,5
1,2014,99,12314.63,23.89,32.56,3.53,0.05,0
1,2014,100,18017.77,22.94,34.61,3.29,0.28,0
1,2014,101,10661.98,23.78,32.17,3.31,0.17,0
1,2014,102,16704.45,22.61,34.44,3.32,0.07,0
1,2014,103,19165.31,24.44,35.11,3.43,0.1,0
1,2014,104,13740.2,23.83,33.06,3.54,0.28,10
1,2014,105,8076.89,21.61,26.17,2.89,0.25,30
1,2014,106,18370.06,22.83,31.39,3.24,0.28,40
1,2014,107,8282.29,20.72,29.22,3.02,0.31,15
1,2014,108,11271.58,22.11,31.06,3.34,0.12,39
1,2014,109,11887.22,22.83,30.5,3.41,0.28,50
1,2014,110,15621.68,22.33,31.56,3.27,0.03,0
1,2014,111,7890.28,23.61,28.17,3.19,0.37,0
1,2014,112,8518.18,22.22,27.06,3.09,0.16,5
1,2014,113,14359.3,22.22,31.5,3.36,0.05,53
1,2014,114,25893.37,23,33,3.39,0.23,0
1,2014,115,8609.54,22.72,28.44,3.13,0.1,43
1,2014,116,18956.35,23.61,33.17,3.52,0.05,5
1,2014,117,13623.64,23.44,32.22,3.47,0.13,0
1,2014,118,7163.25,22.67,29.61,3.3,0.2,0
1,2014,119,19987.32,22.83,31.56,3.32,0.09,15
1,2014,120,15402.36,23.33,31.44,3.4,0.12,0
1,2014,121,20078.85,23.61,32.94,3.34,0.24,0
1,2014,122,21909.38,23.22,33.28,3.24,0.2,0
1,2014,123,18147.29,23.39,34.56,3.52,0.12,0
1,2014,124,18305.3,23.11,31.94,3.39,0.08,5
1,2014,125,19301.73,23.44,33.67,3.55,0.03,0
1,2014,126,14563.94,24.33,33.67,3.57,0.03,0
1,2014,127,9426.37,24.78,27.83,3.23,0,0
1,2014,128,24468.67,25.22,30.78,3.31,0.77,75
1,2014,129,10510.87,23.56,28.17,3.16,0.13,19
1,2014,130,11178.32,22.94,29.67,3.24,0.23,3
1,2014,131,7763.35,24,27.39,3.14,0,0
1,2014,132,15254.71,23.94,31.33,3.34,0.08,0
1,2014,133,17926.25,23.94,30.83,3.4,0.09,0
1,2014,134,11073.85,23.5,31.67,3.57,0.14,0
1,2014,135,24443.63,22.33,32.28,3.43,0.11,8
1,2014,136,13815.32,24.72,31.39,3.49,0.19,0
1,2014,137,21436.2,22.39,33.33,3.32,0.28,10
1,2014,138,11603.15,23.56,31.06,3.33,0.46,0
1,2014,139,18473.15,23.61,32.39,2.72,1.29,70
1,2014,140,18690.15,22.98,32.98,2.94,1.36,0
1,2014,141,17229.12,23.61,32.22,2.75,1.4,5
1,2014,142,20238.68,21.7,32.2,2.85,1.28,0
1,2014,143,17242.23,24.14,33,3.13,1.54,0
1,2014,144,20872.03,23.31,34.4,2.72,2.09,0
1,2014,145,18385.43,23.54,33.4,2.75,1.52,0
1,2014,146,18563.17,23.06,33,3.03,1.64,0
1,2014,147,7558.41,22.44,25,2.52,0.98,87
1,2014,148,9318.39,23.44,28,2.84,0.93,13
1,2014,149,14130.02,22.67,30,3,1.02,0
1,2014,150,14458.84,23.8,30.5,3.19,1.07,0
1,2014,151,14318.39,22.6,30.6,2.99,1.26,0
1,2014,152,18951.97,23.4,32.6,3.17,1.47,0
1,2014,153,15983.86,23,30.6,2.95,1.24,0
1,2014,154,16154.05,22.8,31.6,2.85,1.44,5
1,2014,155,15983.86,23,30.6,2.95,1.25,0
1,2014,156,15495.96,23.2,31.8,2.58,1.36,34
1,2014,157,14366.32,23.8,30.4,3.07,1.34,15
1,2014,158,7832.01,22.2,26.2,2.51,1.07,0
1,2014,159,10396.49,21.4,28.4,2.66,1.36,0
1,2014,160,18339.54,21.4,31.5,2.84,1.25,15
1,2014,161,17332.5,22.4,31.8,2.87,1.41,0
1,2014,162,15199.54,20.4,29.8,2.82,1.38,0
1,2014,163,15744.8,22,30.6,3.07,1.11,5
1,2014,164,16452.12,22.2,30,2.92,1.27,7
1,2014,165,13099.42,22.4,30.2,2.5,1.35,0
1,2014,166,14834.93,21.6,30.2,2.67,1.21,35
1,2014,167,14759.91,21.4,30.2,2.53,1.33,35
1,2014,168,10159.88,20.8,27.8,2.7,0.71,16
1,2014,169,9763.28,20.8,26.5,2.64,0.95,16
1,2014,170,13366.06,18,26.4,2.24,1.12,13
1,2014,171,12800.51,20.4,28.86,2.32,0.62,4
1,2014,172,9611.67,21,27,2.67,1.06,10
1,2014,173,13558.22,20.8,28.5,2.53,0.98,10
1,2014,174,16058.04,20.8,30.2,2.81,1.32,50
1,2014,175,15129.21,20.4,28.2,2.59,1.26,0
1,2014,176,13476.94,22.4,30.04,2.45,1.45,0
1,2014,177,17332.09,20,30.6,2.83,1.08,0
1,2014,178,19068.46,22.2,32.2,2.8,1.43,0
1,2014,179,16087.38,21.4,30,2.63,1.35,0
1,2014,180,10659.41,21.4,29.6,2.52,1.54,0
1,2014,181,8740.86,21.3,26.2,2.73,1.05,40
1,2014,182,13845.15,21,29.2,2.68,1.04,17
1,2014,183,16824.95,22.2,30.2,3.04,0.89,7
1,2014,184,17541.62,21.6,30.8,2.78,1.13,0
1,2014,185,14687.13,23.2,30.2,3.08,1.23,10
1,2014,186,14862.27,22,31,2.45,1.43,7
1,2014,187,17007.85,21.8,30.2,2.85,1.43,17
1,2014,188,9482.39,21.4,27,2.71,1.63,6
1,2014,189,8990.52,21.6,27,2.75,1.23,19
1,2014,190,7677.39,21.4,25.6,2.61,1.15,18
1,2014,191,10344.1,21,27.8,2.74,0.85,20
1,2014,192,9688.76,22,27.8,2.94,1.34,10
1,2014,193,8122.43,21.6,25.8,2.75,0.73,3
1,2014,194,14103.15,21,29.4,2.7,1.03,0
1,2014,195,15294.67,20.4,29.6,2.71,1,10
1,2014,196,10064.31,22.4,28.4,2.8,0.9,0
1,2014,197,15516.21,22.2,30.6,3.06,1.31,0
1,2014,198,17541.62,21.6,30.8,2.78,1.36,0
1,2014,199,18407.86,21,31,2.9,1.14,5
1,2014,200,16452.12,22.2,30,2.92,1.15,0
1,2014,201,9163.93,22.92,28,2.92,1.09,5
1,2014,202,18453.79,19.8,30.8,2.78,1.23,10
1,2014,203,14202.09,21.6,30.4,2.61,1.19,8
1,2014,204,12080.94,22,28.6,2.88,1.23,2
1,2014,205,16774.78,22.6,32,2.6,1.31,0
1,2014,206,16966.08,22,31.6,2.8,1.53,0
1,2014,207,18285.44,21.4,31.4,2.8,1.25,5
1,2014,208,17042.4,21.8,31.4,2.47,1.38,0
1,2014,209,17440.64,20.4,32,2.69,1.25,0
1,2014,210,13469.51,20.2,28.4,2.55,1.3,0
1,2014,211,16087.38,21.4,30,2.63,1,0
1,2014,212,17811.85,22,30.8,2.99,1.23,0
1,2014,213,18409.92,22,30,2.77,1.63,0
1,2014,214,14759.91,21.4,30.2,2.53,1.23,0
1,2014,215,16234.93,21.2,30,2.99,1.36,0
1,2014,216,17741.1,20.8,31.6,2.69,1.27,15
1,2014,217,10022.42,21.4,26.8,2.62,1.5,5
1,2014,218,14202.09,21.6,30.4,2.61,1.47,3
1,2014,219,14875.75,21.3,30.6,2.98,1.16,0
1,2014,220,16186.45,20.6,30.2,2.78,1.42,10
1,2014,221,15640.52,21.3,30.2,2.93,1.35,0
1,2014,222,16087.38,21.4,30,2.63,1.29,0
1,2014,223,17811.85,22,30.8,2.99,1.3,0
1,2014,224,16452.12,22.2,30,2.92,1.3,10
1,2014,225,10863.12,22.6,29,2.84,1.77,65
1,2014,226,13342.69,20.4,28.6,2.47,1.22,0
1,2014,227,18140.02,22.4,30.8,2.91,1.41,0
1,2014,228,9951.23,21.2,27.4,2.79,1.46,0
1,2014,229,13989.18,22.2,29.8,2.79,1.2,10
1,2014,230,19777.29,21.6,33.06,2.93,1.38,8
1,2014,231,9747.15,20.8,27.6,2.7,1.51,0
1,2014,232,10466.06,21.8,28.4,2.78,1.09,0
1,2014,233,12519.08,21.4,29.8,2.59,1.16,0
1,2014,234,13977.04,21.4,30.4,2.36,1.48,0
1,2014,235,14619.83,22.6,30,2.82,1.34,0
1,2014,236,16291.48,22.4,32,2.95,1.3,2
1,2014,237,11198.42,21.4,27.8,2.86,1.47,13
1,2014,238,8556.44,21.2,26,2.68,1.57,27
1,2014,239,13984.79,20.4,28,2.67,1.1,0
1,2014,240,10151.66,21.8,27.8,2.95,1.3,15
1,2014,241,18010.05,21.2,31.4,2.64,1.15,0
1,2014,242,20836.46,20.8,32.6,2.83,1.55,0
1,2014,243,19852.54,20.6,33.2,2.78,1.36,0
1,2014,244,19269.79,20.4,32.69,2.47,1.46,0
1,2014,245,11714.38,22.4,28.96,2.65,1.41,0
1,2014,246,15920.09,22,31.18,2.53,1.54,25
1,2014,247,17640.27,20.8,31.65,2.39,1.22,0
1,2014,248,16428.01,22.4,31.19,2.56,1.46,0
1,2014,249,17871.43,23.2,32.95,2.63,1.31,4
1,2014,250,18276.34,21.6,32.05,2.43,1.35,0
1,2014,251,18910.62,21.2,32.68,2.65,1.16,0
1,2014,252,19193.02,20.2,32.77,2.39,1.36,0
1,2014,253,16447.41,23.2,32.67,2.77,1.4,0
1,2014,254,14213.93,22.2,28.69,2.98,1.4,50
1,2014,255,19962.21,22,32.62,2.8,1.28,0
1,2014,256,13920.54,22.6,31.06,2.57,1.34,56
1,2014,257,17482.52,21,32.22,2.73,1.52,0
1,2014,258,19060.44,21.6,32.52,2.8,1.13,0
1,2014,259,16138.39,22.8,31.59,2.85,1.38,0
1,2014,260,10992.5,22.4,27.97,2.86,1.53,0
1,2014,261,14882.66,21.4,30.06,2.65,1.18,0
1,2014,262,21032.06,22,34.55,2.54,1.41,10
1,2014,263,19362.66,21.1,32.5,2.63,1.35,0
1,2014,264,20348.19,20,33.01,2.58,1.31,0
1,2014,265,18175.28,23,32.37,2.97,1.42,0
1,2014,266,19720.48,21,35.79,2.92,1.41,0
1,2014,267,17469.88,23.2,35.41,3.23,1.62,0
1,2014,268,20054.88,22.2,35.59,2.6,1.61,0
1,2014,269,16697.01,22.4,30.94,2.83,1.85,0
1,2014,270,20396.36,22.2,34.1,2.28,1.54,0
1,2014,271,18957.35,21.8,32.91,2.71,1.89,53
1,2014,272,19223.52,20.4,30.81,2.81,1.47,0
1,2014,273,12249.25,22.2,29.45,2.62,1.67,0
1,2014,274,18668.52,21.8,30.03,2.8,1.39,0
1,2014,275,18830.25,21.8,33.09,2.76,1.07,0
1,2014,276,21616.26,21.4,34.28,2.38,1.5,20
1,2014,277,20146.81,22.8,33.61,2.63,1.52,34
1,2014,278,17150.92,23,33.03,2.85,1.29,20
1,2014,279,20137.94,22.4,33.26,2.66,0.97,21
1,2014,280,16049.88,22.2,31.37,2.75,1.03,10
1,2014,281,16412.84,22.4,31.4,2.85,1.09,5
1,2014,282,16154.05,22.8,31.6,2.85,1.09,54
1,2014,283,17608.63,20.4,31.43,2.62,1.2,10
1,2014,284,11750.92,20.8,29.2,2.49,0.96,0
1,2014,285,17811.85,22,30.8,2.99,1.31,18
1,2014,286,19109.49,21.8,30,2.81,1.99,5
1,2014,287,15790.41,21.8,30.6,3.08,1.28,7
1,2014,288,14628.68,21.4,30.6,2.63,1.21,0
1,2014,289,19103.39,21.2,31.6,2.76,1.1,0
1,2014,290,16154.05,22.8,31.6,2.85,1.5,0
1,2014,291,19764.16,21.8,32.3,2.81,1.25,0
1,2014,292,17128.72,22.8,31.9,3.04,1.5,5
1,2014,293,17541.62,21.6,30.8,2.78,1.56,0
1,2014,294,16156.97,22.6,31.8,2.85,1.36,0
1,2014,295,7690.23,22.8,25.6,2.5,1.44,60
1,2014,296,17802.94,20.4,31.4,2.64,1.62,0
1,2014,297,19786.71,21.8,32.2,2.92,1.6,5
1,2014,298,10305.52,23.8,28.8,2.87,1.46,5
1,2014,299,16412.84,22.4,31.4,2.85,1.41,10
1,2014,300,14202.09,21.6,30.4,2.61,1.45,0
1,2014,301,12393.62,21.4,29.4,2.57,1.53,0
1,2014,302,17259.53,22,31.4,2.63,1.54,0
1,2014,303,21206.42,22.4,32.6,2.91,1.35,0
1,2014,304,18476.33,23.2,32.4,3.01,1.35,0
1,2014,305,19766.67,22.3,32.8,2.81,1.6,0
1,2014,306,18950.28,21.8,32.8,2.85,1.5,0
1,2014,307,21272.93,21.4,32.6,2.89,1.38,0
1,2014,308,19810.77,21.2,32.6,2.73,1.57,0
1,2014,309,16991.99,23.8,32.6,3.02,1.5,0
1,2014,310,13547.81,24.2,30.6,3.11,1.2,0
1,2014,311,15772.38,23.2,31.4,2.78,1.29,0
1,2014,312,9764.44,23.4,28.2,2.84,1.31,30
1,2014,313,16142.96,21,31.8,2.61,1.65,10
1,2014,314,19925.46,22.2,32.8,2.86,1.69,5
1,2014,315,18950.28,21.8,32.8,2.85,1.29,10
1,2014,316,10466.06,21.8,28.4,2.78,1.12,10
1,2014,317,16156.97,22.6,31.8,2.85,1.47,0
1,2014,318,11838.25,22.6,29.2,2.81,2.2,0
1,2014,319,12441.96,21.6,29.6,2.3,1.15,18
1,2014,320,14074.5,21.2,29.2,2.81,1.23,0
1,2014,321,18232.19,21.6,32,2.49,1.46,0
1,2014,322,17241.57,22.8,32.4,2.9,1.79,0
1,2014,323,17944.2,21.4,32,2.86,1.61,0
1,2014,324,14526.63,22.8,30.6,3.02,1.64,0
1,2014,325,18476.33,23.2,32.4,3.01,1.45,0
1,2014,326,19037.31,22.6,32.6,2.49,1.64,0
1,2014,327,19415.07,22.4,32.4,2.9,0.68,0
1,2014,328,17725.22,23.4,32.2,2.97,1.45,5
1,2014,329,14915.34,23.6,30.4,3.06,1.41,0
1,2014,330,15838.41,23.4,31.6,2.79,1.41,0
1,2014,331,17100.65,22.2,31.6,2.93,1.63,0
1,2014,332,21042.18,22.2,32.4,3.02,1.54,0
1,2014,333,19654.57,21.6,32.4,2.81,1.52,5
1,2014,334,17405.8,21.4,31,2.75,1.52,5
1,2014,335,14827.46,23.4,31,2.71,1.49,8
1,2014,336,18727.39,22.4,32.3,3.04,1.4,0
1,2014,337,19960.89,21.8,32.4,2.8,1.44,0
1,2014,338,19061.68,22.8,32.8,2.74,1.88,0
1,2014,339,21206.42,22.4,32.6,2.91,1.48,20
1,2014,340,18218.65,21.2,32.2,2.84,1.2,5
1,2014,341,21272.93,21.4,32.6,2.89,1.55,0
1,2014,342,17811.66,21.6,32.2,2.62,1.89,0
1,2014,343,14965.45,23.4,30.6,3.11,1.37,0
1,2014,344,16191.31,23.2,32.48,2.5,1.35,0
1,2014,345,8919.88,22.4,27.78,2.91,1.38,5
1,2014,346,10314.3,21.8,27.86,2.93,1.29,0
1,2014,347,13819.6,22.4,31,2.7,1.66,0
1,2014,348,18140.02,22.4,30.8,2.91,1.7,0
1,2014,349,17096.76,21.6,31,2.74,2.16,0
1,2014,350,15426.04,23,31.4,2.78,1.69,0
1,2014,351,14980.66,23.4,31.4,2.68,1.68,0
1,2014,352,16969.24,22.2,31.8,2.72,1.57,0
1,2014,353,16412.84,22.4,31.4,2.85,1.63,0
1,2014,354,16382.36,23,31.6,3,1.68,0
1,2014,355,17100.65,22.2,31.6,2.93,1.76,0
1,2014,356,16650.51,22.4,31.2,2.58,1.93,0
1,2014,357,17212.48,20.6,31.4,2.57,1.37,0
1,2014,358,15102.08,23.4,32,2.8,1.75,0
1,2014,359,12903.39,23.6,29.8,3,1.47,0
1,2014,360,17096.76,21.6,31,2.74,1.49,0
1,2014,361,16154.05,22.8,31.6,2.85,1.84,0
1,2014,362,15278.24,22.2,31.2,2.5,1.57,0
1,2014,363,19714.35,21.8,32.6,2.81,1.77,0
1,2014,364,16992.5,23.6,31.58,3,1.6,0
1,2014,365,18991.28,22.6,33.44,2.51,2.11,0
