*-----------------------------------------------------------
*  Station Name: PCME
*  DSSAT Weather file - by https://github.com/jrodriguez88
*  Longitude: -73.475773 -- Latitude: 4.029664 -- Elevation: 315m
*-----------------------------------------------------------
*  Date: 2012-01-01 : 2021-12-31
*
*  Column    Daily Value
*     1      Station number
*     2      Year
*     3      Day
*     4      irradiance         KJ m-2 d-1
*     5      min temperature            oC
*     6      max temperature            oC
*     7      vapor pressure            kPa
*     8      mean wind speed         m s-1
*     9      precipitation          mm d-1
*-----------------------------------------------------------
-73.475773,4.029664,315,0,0
1,2013,1,20514.03,20.44,32.5,2.84,1.38,0
1,2013,2,21981.91,20.72,32.61,2.8,1.32,0
1,2013,3,19442.48,21.78,32.5,2.87,1.39,0
1,2013,4,16430.74,21.17,31.94,2.76,0.93,0
1,2013,5,20287.8,22.11,32.39,2.86,1.28,0
1,2013,6,21798.85,19.56,32.44,2.68,1.3,0
1,2013,7,21938.73,19.83,33.06,2.68,1.39,0
1,2013,8,15859.13,20.11,32.17,2.71,1.25,0
1,2013,9,9501.49,22.28,31,2.83,0.84,0
1,2013,10,18398.56,20.56,32.33,2.73,1.5,0
1,2013,11,21568.31,20.17,31.94,2.61,1.6,0
1,2013,12,19668.7,18.78,32.33,2.54,1.04,0
1,2013,13,19924.29,20.83,32.33,2.69,1.19,0
1,2013,14,14711.59,20.72,32.22,2.76,0.97,0
1,2013,15,20773.07,20.56,32.44,2.65,1.26,0
1,2013,16,18225.87,22.44,32.78,2.78,1.06,0
1,2013,17,19265.47,21.06,32.39,2.71,1.25,0
1,2013,18,19917.38,21.22,32.89,2.79,1.23,0
1,2013,19,14499.18,22.39,31.83,2.8,1.02,0
1,2013,20,13297.25,20.44,32.22,2.81,0.96,0
1,2013,21,20280.9,22.06,33.89,2.87,1.2,0
1,2013,22,19236.98,21.17,33.83,2.83,1.2,0
1,2013,23,17020.48,22,33.78,2.97,0.78,0
1,2013,24,20827.46,22.67,34,2.94,0.85,0
1,2013,25,21392.17,20.67,34.56,2.86,1.3,0
1,2013,26,20741.12,21,33.67,2.8,1.38,0
1,2013,27,20913.81,20.56,33.89,2.76,1.47,0
1,2013,28,21579.54,20.06,34,2.71,1.5,0
1,2013,29,21212.57,22,33.72,2.85,1.13,0
1,2013,30,21108.09,21.56,34.06,2.85,1.08,0
1,2013,31,19654.03,21.94,33.39,2.86,1.38,0
1,2013,32,21428.43,22.61,34.17,2.88,1.35,0
1,2013,33,17197.49,21.83,32.94,2.76,1.2,0
1,2013,34,15470.57,23.39,34.94,3.4,0.49,9.4
1,2013,35,14059.68,23.56,31.17,3.25,0.47,10.2
1,2013,36,9771.75,22.06,30.44,3.14,0.55,47.8
1,2013,37,16423.83,23.11,31.44,3.18,0.27,2.4
1,2013,38,13667.67,22.39,30.89,3.14,0.32,41.4
1,2013,39,16258.05,22.89,31.78,3.26,0.41,23.8
1,2013,40,12570.22,22.94,28.28,2.96,0.15,1.2
1,2013,41,18730.13,22.5,30.72,3.12,0.28,3.8
1,2013,42,17953.01,23.78,31.61,3.26,0.16,0
1,2013,43,15527.56,22.56,30.89,3.24,0.23,75.2
1,2013,44,22460.26,23.44,31.22,3.16,0.4,1.6
1,2013,45,21842.03,21.72,32.22,2.97,0.57,0
1,2013,46,24450.53,23.06,32.22,3.05,0.43,0
1,2013,47,22097.61,22.94,33.22,3.12,0.48,0
1,2013,48,20042.58,24.44,34.44,3.45,0.17,0
1,2013,49,15977.42,23.22,33.78,3.47,0.3,9.4
1,2013,50,7922.22,21.83,27.5,2.86,0.18,3.8
1,2013,51,18730.13,22.78,33.06,3.27,0.58,78.2
1,2013,52,17988.42,23.83,30.67,3.22,0.16,1.6
1,2013,53,13189.32,23.56,29.17,3.14,0.45,1
1,2013,54,17111.14,24.17,32.61,3.4,0.23,9
1,2013,55,8619.9,22.22,30.22,3.15,0.42,36.6
1,2013,56,9810.68,21.78,27.67,2.87,0.3,20.8
1,2013,57,15092.38,22.94,31.22,3.19,0.29,0.8
1,2013,58,7972.31,21.94,27,2.83,0.16,0
1,2013,59,16438.51,22.78,31.56,3.18,0.1,8
1,2013,60,10509.14,22.67,28.5,3.04,0.14,0
1,2013,61,20017.54,23.94,31.67,3.34,0.12,0
1,2013,62,21075.28,23.61,32.56,3.16,0.2,0
1,2013,63,19283.6,24.78,32.89,3.31,0.16,0
1,2013,64,13786.83,24,30.61,3.29,0.36,6
1,2013,65,17466.89,24.33,31.94,3.36,0.29,0.2
1,2013,66,10613.62,23.89,30.89,3.28,0.27,0.2
1,2013,67,11433.91,23.06,31.22,3.27,0.57,0
1,2013,68,14948.18,23,29.39,3.05,0.27,4.4
1,2013,69,14052.77,24.83,31.11,3.32,0.1,31
1,2013,70,6612.36,22.89,27,2.93,0.25,5
1,2013,71,14801.39,22.56,30.28,3.11,0.1,11
1,2013,72,8817.63,22.5,28.28,2.98,0.22,0
1,2013,73,16175.15,23.5,30.83,3.2,0.05,0
1,2013,74,9119.84,23.11,28.83,3.08,0.12,0
1,2013,75,18592.84,22.72,30.83,3.2,0.18,16
1,2013,76,17661.16,23,32.28,3.24,0.17,0
1,2013,77,7576.84,21.5,27.33,2.82,0.37,0
1,2013,78,14552.72,23.78,30.22,3.13,0.07,0
1,2013,79,15984.33,23.22,30,3.06,0.45,0
1,2013,80,14851.47,23.83,30.72,3.15,0.29,0
1,2013,81,10915.83,22.22,32.44,3.4,0.43,0.2
1,2013,82,10516.05,22.28,28.44,2.99,0.12,0.4
1,2013,83,17276.06,22.33,31.28,3.2,0.27,0
1,2013,84,15362.64,22.61,31.61,3.22,0.23,0
1,2013,85,9803.7,21.83,27.17,2.84,0.41,0
1,2013,86,21622.71,22.83,30.89,3.17,0.15,0
1,2013,87,17301.97,23.33,32,3.19,0,0
1,2013,88,9234.68,22.56,27.33,2.91,0.2,0
1,2013,89,12628.07,22.78,28.22,2.94,0.05,0
1,2013,90,21212.57,22.11,31.28,3.03,0.19,0
1,2013,91,7731.4,22.28,29.28,3.06,0.23,0
1,2013,92,12207.57,23,29.78,3.13,0.03,0
1,2013,93,7760,23.28,26.61,2.89,0.02,0
1,2013,94,13009.72,22.67,29.39,3.03,0.09,0
1,2013,95,9807.15,23.28,28.56,3.05,0.05,0
1,2013,96,10829.49,21.83,29.06,2.98,0.07,0
1,2013,97,21514.78,20.94,31.11,2.98,0.05,0
1,2013,98,17081.78,23.11,30.56,3.1,0.21,0
1,2013,99,8335.82,23.94,27.56,3,0.48,0
1,2013,100,17172.45,22.5,29.94,3.01,0.14,0
1,2013,101,15829.77,22.22,31.5,3.17,0.38,0
1,2013,102,14099.4,20.94,30.11,2.96,0.22,0
1,2013,103,19280.15,22.5,30.67,3.09,0.27,0
1,2013,104,14879.97,23.94,31.33,3.33,0.25,0
1,2013,105,14150.35,23.56,30.78,3.18,0.14,0
1,2013,106,16366.84,23.22,30.22,3.17,0.09,0
1,2013,107,17153.61,23.53,32.03,3.16,1.27,7
1,2013,108,11437.85,21.41,29.69,2.57,1.53,61
1,2013,109,14625.92,24.87,33.54,2.78,0.91,0
1,2013,110,16082.35,24.73,30.4,3.07,1.14,0
1,2013,111,15540.59,21.2,30.4,2.86,1.2,0
1,2013,112,17242.14,21,30,2.93,1.17,4
1,2013,113,12108.44,21.6,29.8,2.3,1.5,23
1,2013,114,14862.27,22,31,2.45,1.3,0
1,2013,115,14872.33,22.4,31.6,2.8,1.64,0
1,2013,116,22459.19,22.2,32.6,2.93,1.31,0
1,2013,117,16177.56,23.5,32.6,2.86,1.36,0
1,2013,118,15686.53,23.3,32.8,2.66,1.75,0
1,2013,119,9638.7,21.6,26.6,2.77,1.04,24
1,2013,120,19783.89,22,32,2.6,1.19,30
1,2013,121,19068.46,22.2,32.2,2.8,1.12,5
1,2013,122,7793.24,24,26.6,2.78,0.97,26
1,2013,123,15849.25,22.2,32,2.95,1.33,0
1,2013,124,18611.21,23.2,32.3,3.09,1.41,8
1,2013,125,14618.59,22.6,31,2.59,0.89,16
1,2013,126,17541.62,21.6,30.8,2.78,1.14,3
1,2013,127,14196.43,24.1,31.1,2.9,1.21,4
1,2013,128,13819.6,22.4,31,2.7,1.47,5
1,2013,129,9024.63,22.2,27.2,2.74,0.87,30
1,2013,130,18232.54,21.4,31.6,2.86,1.19,6
1,2013,131,16588.19,24,32.6,3.2,1.73,0
1,2013,132,18720.59,23,31.5,3.02,1.29,0
1,2013,133,15811.52,24.4,32.6,2.86,1.08,23
1,2013,134,15477.12,23.4,31.8,2.55,1.2,2
1,2013,135,10564.01,23.6,28.8,2.91,1.06,7
1,2013,136,18709.39,23,31.2,2.95,1.3,0
1,2013,137,13989.18,22.2,29.8,2.79,0.98,13
1,2013,138,16156.97,22.6,31.8,2.85,1.17,2
1,2013,139,10086.04,22.6,27.8,2.77,1.01,15
1,2013,140,13051.12,22.8,29.6,2.94,1.07,3
1,2013,141,11633.86,22.2,29,2.93,0.94,2
1,2013,142,15790.41,21.8,30.6,3.08,1.02,8
1,2013,143,12036.96,23.2,29.6,2.95,1.12,10
1,2013,144,19746.83,22.2,32.87,2.84,1.49,0
1,2013,145,18961.91,22.3,32.3,2.67,1.76,0
1,2013,146,10677.36,21.4,27.6,2.83,1.4,31
1,2013,147,18322.08,20.2,30,2.81,0.94,0
1,2013,148,14628.68,21.4,30.6,2.63,1.01,0
1,2013,149,15983.86,23,30.6,2.95,1.07,0
1,2013,150,15384.26,23.2,31.6,2.79,1.61,19
1,2013,151,18253.68,21,31.6,2.84,0.98,3
1,2013,152,17100.65,22.2,31.6,2.93,1.47,7
1,2013,153,16156.97,22.6,31.8,2.85,1.34,7
1,2013,154,14107.02,22.8,31,2.45,1.12,21
1,2013,155,18447.44,21.2,31.2,2.7,1.1,0
1,2013,156,14599.45,22.8,31.2,2.61,1.16,0
1,2013,157,7938.72,22.4,25.6,2.46,1.18,35
1,2013,158,9740.25,21.6,27.6,2.86,0.97,3
1,2013,159,18409.92,22,30,2.77,1,0
1,2013,160,18285.44,21.4,31.4,2.8,1.29,11
1,2013,161,10771.9,21.4,28.2,2.76,0.99,7
1,2013,162,17242.14,21,30,2.93,1.16,2
1,2013,163,7995.84,22.2,26.8,2.3,1.24,3
1,2013,164,12441.96,21.6,29.6,2.3,0.84,0
1,2013,165,9525.63,21.4,27.4,2.77,1.06,15
1,2013,166,11527.27,21.2,28.4,2.71,1.24,6
1,2013,167,19103.39,21.2,31.6,2.76,1.13,0
1,2013,168,16142.96,21,31.8,2.61,1.74,0
1,2013,169,7746.23,23.4,26.4,2.86,0.86,10
1,2013,170,17641.85,21.6,31.4,2.61,1.43,2
1,2013,171,12942.5,21.56,30.36,2.3,1.57,10
1,2013,172,11943.24,21.51,27.9,2.86,1.31,0
1,2013,173,11563.19,22.36,29.16,2.76,1.45,0
1,2013,174,17313.5,22.44,30.77,3.04,1.51,3
1,2013,175,15023.69,23.71,30.31,3,1.33,0
1,2013,176,13616.22,25.78,30.11,3.26,1.18,0
1,2013,177,18258.68,22.17,31.56,3.07,1.04,0
1,2013,178,17370.18,23.22,33.28,3.39,1.6,3
1,2013,179,15085.47,22.61,30.89,3.17,1.37,0
1,2013,180,19769.73,22,32.78,3.18,1.23,0
1,2013,181,11243.08,22.67,30.61,3.19,1.2,36
1,2013,182,15625.01,21.72,30.65,3.19,0.82,46
1,2013,183,18060.95,21.67,29.89,2.96,1.09,0
1,2013,184,21140.04,22.06,30.94,3.05,1.1,0
1,2013,185,21312.73,22.61,31.22,3.11,2.45,0
1,2013,186,7576.06,22,25.61,2.73,1.38,47
1,2013,187,17679.3,22.17,29.89,3.03,1.15,0
1,2013,188,21981.91,21.33,32.61,3.15,1.19,0
1,2013,189,19740.37,22.39,31.83,3.16,1.19,0
1,2013,190,11404.55,22.28,28.06,2.95,1.36,0
1,2013,191,14718.5,21.83,28.72,2.92,1.15,32
1,2013,192,15595.77,22.56,30.44,3.2,1.26,42
1,2013,193,11419.23,22.28,29.94,3.16,1.29,9
1,2013,194,9451.41,22.5,27.89,3,1.06,0
1,2013,195,18391.65,23.17,31.11,3.19,1.12,0
1,2013,196,13376.69,21.83,28.39,2.92,1.12,18
1,2013,197,10980.59,22.17,28.5,3.06,1.34,8
1,2013,198,13735.89,22.56,29.67,3.16,0.95,10
1,2013,199,16574.93,22.11,30.22,3.19,1.51,64
1,2013,200,7746.53,21.78,25.17,2.73,1.18,32
1,2013,201,11278.49,22.44,26.67,2.9,1.04,0
1,2013,202,16625.02,22.17,30.61,3.22,1.27,0
1,2013,203,21089.96,22.06,31.72,3.18,1.4,0
1,2013,204,10949.33,21.89,29.02,3.12,1.38,12
1,2013,205,21759.14,20.06,29.94,2.94,1.14,0
1,2013,206,9174.24,22.11,28.06,3.01,1.13,62
1,2013,207,7709.81,20.33,29.65,3.05,0.92,42
1,2013,208,12958.77,20.5,28.33,2.81,0.74,0
1,2013,209,9944.44,22.28,27.78,2.99,1.04,8
1,2013,210,14930.91,22.06,29.67,3.03,1.09,0
1,2013,211,14178.84,21.89,30.67,3.12,1.06,11
1,2013,212,15527.56,22.06,30.5,3.14,1.1,8
1,2013,213,13538.15,22.56,29.28,3.14,1.2,0
1,2013,214,10217.3,22.06,29.22,3.12,1.27,0
1,2013,215,19485.65,21.67,31,3.2,1.19,0
1,2013,216,7925.68,21.44,28.22,2.98,1.19,0
1,2013,217,18967.58,20.5,31.06,3.06,1.21,0
1,2013,218,17474.66,21.83,30.83,3.19,1.31,0
1,2013,219,7145.11,23,26.28,2.91,1.06,0
1,2013,220,18924.4,22.72,32.06,3.29,1.1,0
1,2013,221,10775.09,23.22,30.33,3.31,1.33,7
1,2013,222,9933.22,21.78,28.22,3,0.98,0
1,2013,223,8385.9,22.94,28.06,3.08,1.15,48
1,2013,224,23169.16,21.89,31.89,3.25,1.17,68
1,2013,225,11437.36,22.61,29.61,3.23,1.07,37
1,2013,226,19701.52,23.56,30.67,3.23,1.95,0
1,2013,227,13343.88,21.83,29.33,3.08,1.18,11
1,2013,228,17883.94,21.83,30.39,3.17,1.07,0
1,2013,229,11196.46,22.28,27.72,2.94,1.25,8
1,2013,230,13919.8,23.44,29.39,3.2,1.02,0
1,2013,231,12483.87,23.11,29.28,3.1,1.03,0
1,2013,232,14632.15,23,29.06,3.13,1.38,0
1,2013,233,14700.37,22.56,30.11,3.14,1.04,0
1,2013,234,23813.3,22.94,32.39,3.33,1.17,0
1,2013,235,21601.12,22.06,32.17,3.16,1.33,0
1,2013,236,12314.63,23.11,30.78,3.2,1.07,0
1,2013,237,12343.13,22.22,30,3.16,1.35,22
1,2013,238,9162.14,21.33,27.06,2.85,1.08,0
1,2013,239,8976.51,22.39,26.39,2.84,0.96,8
1,2013,240,14099.4,21.33,29.72,3.1,1.17,54
1,2013,241,18870.01,21.44,31.5,3.21,1.23,12
1,2013,242,22607.91,22.94,33.33,3.32,1.06,8
1,2013,243,20615.05,22.89,34.06,3.45,1.51,0
1,2013,244,12670.38,23.17,30.83,3.3,1.35,0
1,2013,245,10517.79,22.33,29.17,3.16,1.34,0
1,2013,246,17920.2,22.44,31.33,3.18,1.61,0
1,2013,247,15909.21,22.28,31.56,3.27,1.23,48
1,2013,248,12129.85,22.28,27.39,2.95,1.23,26
1,2013,249,8653.57,21.61,27.17,2.87,1.38,0
1,2013,250,16916.86,21.39,31.72,3.26,1.15,6
1,2013,251,23907.42,22.83,33,3.3,1.17,123
1,2013,252,24890.03,23.28,34.61,3.46,1.05,0
1,2013,253,12021.06,23.06,33.22,3.57,1.35,0
1,2013,254,9782.23,22.67,27.72,3.01,1.08,0
1,2013,255,17599.86,21.22,32,3.16,1.37,0
1,2013,256,8533.55,23.11,27.22,3.01,1.56,10
1,2013,257,10972.82,22.61,30,3.23,0.96,0
1,2013,258,14851.47,21.83,32.17,3.36,1.51,91
1,2013,259,25241.46,21.39,32.22,3.12,1.1,0
1,2013,260,23985.99,22.5,33.39,3.31,1.07,0
1,2013,261,13879.22,23.11,30.44,3.3,1.41,45
1,2013,262,20160.01,24.28,33.89,3.73,1.51,33
1,2013,263,16804.61,23.22,32.11,3.44,1.41,0
1,2013,264,17291.6,23.11,30.89,3.31,1.64,0
1,2013,265,12423.43,23,29.33,3.17,1.19,18
1,2013,266,12080.64,23.78,29.61,3.23,1.36,0
1,2013,267,21568.31,22.83,34.06,3.5,1.38,0
1,2013,268,14486.23,22.11,29.56,3.1,1.44,54
1,2013,269,16057.05,22.72,32.28,3.22,1.11,0
1,2013,270,9855.14,23.53,28.42,2.98,1.18,42
1,2013,271,19826.96,22.23,32.9,2.85,1.56,0
1,2013,272,17359.61,23.93,31.66,3.19,1.81,0
1,2013,273,12258.37,24.82,33.32,2.98,1.32,0
1,2013,274,16788.53,23.52,33.02,2.89,1.36,0
1,2013,275,13413.47,24.94,33.28,3.14,0.25,0
1,2013,276,15880.71,23.44,32.72,3.48,0.08,68
1,2013,277,19341.45,22.11,32.28,3.34,0.24,42
1,2013,278,19927.74,22.28,34,3.29,0.08,0
1,2013,279,14365.57,22.39,32,3.44,0.22,0
1,2013,280,17121.5,22.83,32.11,3.38,0.09,5
1,2013,281,20442.36,22.44,32.56,3.28,0.03,0
1,2013,282,13696.17,23.5,31.56,3.44,0.05,0
1,2013,283,21676.24,23.11,32.83,3.39,0,0
1,2013,284,12455.38,23.17,31.33,3.33,0.28,0
1,2013,285,11784.47,23,28.44,3.09,0.2,0
1,2013,286,6756.56,21.39,26.39,2.79,0.38,65
1,2013,287,22464.58,21.67,33.06,3.29,0.03,0
1,2013,288,15657.08,21.72,28.17,2.95,0.23,0
1,2013,289,13825.69,23.22,30,3.25,0.07,24
1,2013,290,24917.66,22.83,32.83,3.28,0.1,0
1,2013,291,25040.27,22.83,33.33,3.26,0.19,0
1,2013,292,18161.11,22.78,32.78,3.38,0.19,0
1,2013,293,20708.31,22.17,33.17,3.33,0.12,18
1,2013,294,12688.51,23.67,33.17,3.37,0.08,0
1,2013,295,15968.63,24.33,32.1,2.87,1.27,0
1,2013,296,18704.87,24.4,32.51,2.97,1.5,0
1,2013,297,17449.13,24.14,33,3.01,2.05,0
1,2013,298,16580.7,23.85,31.8,3.05,1.45,0
1,2013,299,16810.89,23.53,32.2,2.84,1.47,0
1,2013,300,14686.55,24.24,32.6,3.15,1.4,0
1,2013,301,17220.51,23.6,33.2,2.63,1.66,0
1,2013,302,19685.44,21.8,33.2,2.45,1.39,28
1,2013,303,15372.59,23.2,30.4,3.14,1.08,0
1,2013,304,12744.73,23,29.8,3,0.59,0
1,2013,305,17185.11,21.8,30.8,2.83,1.44,0
1,2013,306,16087.38,21.4,30,2.63,1.4,0
1,2013,307,16412.84,22.4,31.4,2.85,1.21,0
1,2013,308,7369.1,21.6,25,2.59,0.9,67
1,2013,309,17242.14,21,30,2.93,1.36,37
1,2013,310,12645.3,22.4,29.6,2.66,1.11,77
1,2013,311,13819.6,22.4,31,2.7,1.55,23
1,2013,312,14628.68,21.4,30.6,2.63,1.69,0
1,2013,313,15540.59,21.2,30.4,2.86,1.35,0
1,2013,314,12610.66,22.6,29.6,2.99,0.91,16
1,2013,315,17007.85,21.8,30.2,2.85,1.23,0
1,2013,316,16382.36,23,31.6,3,1.68,0
1,2013,317,15384.26,23.2,31.6,2.79,1.36,0
1,2013,318,7822.24,23.6,27,2.9,1.24,0
1,2013,319,12441.96,21.6,29.6,2.3,1.32,0
1,2013,320,19103.39,21.2,31.6,2.76,1.58,0
1,2013,321,21042.18,22.2,32.4,3.02,1.62,0
1,2013,322,16243.09,22.4,30.6,2.8,1.59,11
1,2013,323,16243.09,22.4,30.6,2.8,1.51,4
1,2013,324,16872.01,21.6,31.2,2.54,1.53,0
1,2013,325,18177.46,22.6,32.4,2.41,1.26,0
1,2013,326,14079.62,22.2,30.8,2.74,1.59,0
1,2013,327,17259.53,22,31.4,2.63,1.54,22
1,2013,328,19925.46,22.2,32.8,2.86,1.79,0
1,2013,329,18952.9,22.4,32.2,2.81,1.39,0
1,2013,330,15868.71,22.6,31.6,2.51,1.69,0
1,2013,331,18238.68,21,31.4,2.62,1.5,0
1,2013,332,12645.3,22.4,29.6,2.66,1.77,0
1,2013,333,13984.24,23,30,3,1.47,0
1,2013,334,14202.09,21.6,30.4,2.61,1.51,0
1,2013,335,15540.59,21.2,30.4,2.86,1.29,0
1,2013,336,13845.15,21,29.2,2.68,1.23,0
1,2013,337,17631.94,21.2,31.8,2.73,1.49,0
1,2013,338,13188.62,22.4,30.4,2.39,1.18,0
1,2013,339,15849.25,22.2,32,2.95,1.56,6
1,2013,340,17646.15,21.8,31.6,2.7,1.23,0
1,2013,341,16650.51,22.4,31.2,2.58,1.26,0
1,2013,342,17541.62,21.6,30.8,2.78,1.57,0
1,2013,343,14703.1,22.8,31.4,2.79,1.45,0
1,2013,344,20043.6,22,32.4,2.62,1.33,0
1,2013,345,16032.42,23,31.8,2.51,1.37,16
1,2013,346,12218.97,22,28.8,2.94,1.09,11
1,2013,347,17654.89,22.8,30.4,3.01,1.69,0
1,2013,348,18285.44,21.4,31.4,2.8,1.67,0
1,2013,349,18447.44,21.2,31.2,2.7,1.43,0
1,2013,350,12903.39,23.6,29.8,3,1.7,0
1,2013,351,15516.21,22.2,30.6,3.06,1.29,0
1,2013,352,15289.83,22.6,30.4,2.89,1.46,0
1,2013,353,12519.9,22.4,29.8,2.58,1.15,0
1,2013,354,14592.51,24.98,31,2.95,1.48,0
1,2013,355,17922.06,23.22,32.4,3.01,1.95,0
1,2013,356,13237.54,21,31.6,3.42,1.72,0
1,2013,357,18142.97,20.44,28.2,2.58,0.35,0
1,2013,358,18345.02,21.28,31.4,2.88,0.36,0
1,2013,359,21147.81,22.33,32.6,3.01,0.44,0
1,2013,360,18372.9,23.61,32.6,3.17,0.55,0
1,2013,361,16586.96,24.46,33.8,2.88,1.35,0
1,2013,362,16903.92,23.42,32.6,3.02,1.61,0
1,2013,363,17232.78,23.62,33.2,2.63,1.41,0
1,2013,364,19499.18,21.78,33.2,2.43,1.84,0
1,2013,365,20982.73,22.3,32.6,2.88,1.57,0
