*-----------------------------------------------------------
*  Station Name: VVME
*  DSSAT Weather file - by https://github.com/jrodriguez88
*  Longitude: -73.475773 -- Latitude: 4.029664 -- Elevation: 315m
*-----------------------------------------------------------
*  Date: 2012-01-01 : 2021-12-31
*
*  Column    Daily Value
*     1      Station number
*     2      Year
*     3      Day
*     4      irradiance         KJ m-2 d-1
*     5      min temperature            oC
*     6      max temperature            oC
*     7      vapor pressure            kPa
*     8      mean wind speed         m s-1
*     9      precipitation          mm d-1
*-----------------------------------------------------------
-73.475773,4.029664,315,0,0
1,2018,1,14973.65,22,30.04,2.98,-99,4
1,2018,2,11354.21,22,27,2.95,-99,3.9
1,2018,3,18185.64,20.2,32,3.03,-99,0
1,2018,4,19241.65,23.4,32.6,2.88,-99,0
1,2018,5,15253.51,23.2,32.6,2.99,-99,0
1,2018,6,16598.65,24,32.48,2.79,-99,0
1,2018,7,14306.06,19,32.6,2.64,-99,0
1,2018,8,13820.53,19,33,2.69,-99,0
1,2018,9,16546.93,24,31.8,3.09,-99,0
1,2018,10,16384.88,23.2,31.4,3.01,-99,0.2
1,2018,11,16604.59,23.2,32,3.04,-99,27.5
1,2018,12,13622.27,21.6,29.3,2.92,-99,6.1
1,2018,13,18332.87,21.2,32,2.88,-99,0
1,2018,14,19349.09,22,34.2,2.77,-99,0
1,2018,15,16031.97,23,33,2.98,-99,0
1,2018,16,15757.31,22.8,31.2,3.1,-99,29.2
1,2018,17,12833.24,21.2,29.6,2.97,-99,15.8
1,2018,18,14348.16,22.2,28.6,2.94,-99,11.8
1,2018,19,16291.06,22,30.6,2.94,-99,1.4
1,2018,20,19441.96,23,32.2,3.02,-99,0
1,2018,21,14710.44,23.2,33,2.99,-99,0
1,2018,22,19241.65,23.4,32.6,2.88,-99,0
1,2018,23,19509.7,22.2,32.8,2.99,-99,0
1,2018,24,20567.37,21.2,32.8,2.92,-99,0
1,2018,25,19511.89,23,32.6,3.04,-99,0
1,2018,26,16471.96,23.53,33,3.07,-99,0
1,2018,27,16279.08,20.4,33.99,2.84,-99,0
1,2018,28,17463.91,20,33,2.75,-99,0
1,2018,29,15141.64,21.6,33.6,2.82,-99,0
1,2018,30,16739.9,24.6,33.4,2.96,-99,0
1,2018,31,15713.33,24.8,34,2.74,-99,0
1,2018,32,16659.15,23.4,33,3.22,-99,0
1,2018,33,16206.37,24.4,33,2.93,-99,0
1,2018,34,18513.23,25,32.8,2.81,-99,0
1,2018,35,18513.23,25,32.8,2.81,-99,0
1,2018,36,14339.12,24.8,31.6,2.82,-99,0
1,2018,37,17011.57,23.2,33.6,3,-99,0
1,2018,38,16242.83,24.4,32.4,2.83,-99,0
1,2018,39,18373.41,23.2,34.4,2.63,-99,0
1,2018,40,15039.99,24.2,33.8,2.91,-99,0
1,2018,41,17925.25,22.81,35.6,2.47,-99,0
1,2018,42,17776.25,23.2,35.2,2.78,-99,0
1,2018,43,18611.01,22.8,33,2.91,-99,0
1,2018,44,14784.85,23.2,30.8,2.99,-99,0
1,2018,45,15793.25,23.2,32.8,2.93,-99,0
1,2018,46,16242.83,24.4,32.4,2.83,-99,0
1,2018,47,16208.19,24,33.5,2.88,-99,0
1,2018,48,15753.67,24,34,2.98,-99,0
1,2018,49,16441.47,21,34.2,2.98,-99,0
1,2018,50,14705.98,22.2,31,3,-99,0
1,2018,51,19662.86,22.6,33,2.8,-99,0
1,2018,52,19407.66,23.4,33.8,2.93,-99,0
1,2018,53,16310.14,21,33.8,2.97,-99,0
1,2018,54,17395.33,23,33.8,2.73,-99,0
1,2018,55,14434.64,24,31.6,3.02,-99,0
1,2018,56,17612.44,23.4,33.6,2.87,-99,0
1,2018,57,16375.22,22.6,34,3.05,-99,0
1,2018,58,16195.54,22.2,35,3.15,-99,0
1,2018,59,16275.86,24.2,33.2,2.84,-99,5.4
1,2018,60,13589.96,22.4,32.6,2.91,1.1,0.1
1,2018,61,11344.11,23.2,31.5,2.98,1.1,0
1,2018,62,15366.09,22.62,34,3.04,1.1,0
1,2018,63,17704.34,23.37,33.4,2.97,1.1,22.7
1,2018,64,11149.23,21,26,2.68,1.1,3.3
1,2018,65,11055.71,20.4,28.4,2.76,1.1,10.4
1,2018,66,18192.9,22.2,31.8,2.99,1.1,6.8
1,2018,67,11557.72,23,27.8,2.96,1.1,15
1,2018,68,17590.92,21.2,30,2.88,1.1,0
1,2018,69,17933.9,22,34.1,2.95,1.1,0
1,2018,70,17822.19,23,34.8,2.58,1.1,0
1,2018,71,9874.5,23.2,34.6,2.71,1.1,0
1,2018,72,17319.55,22.6,35.6,2.61,1.1,0
1,2018,73,16683.56,23.8,36,2.53,1.1,0
1,2018,74,16786.64,24.8,35.6,2.57,1.1,0
1,2018,75,15753.67,24,34,2.98,1.1,0
1,2018,76,17392.19,24,35.5,2.64,1.1,0
1,2018,77,19783.54,21,35.3,2.63,1.1,0
1,2018,78,18225.87,21,35.4,2.96,1.04,0
1,2018,79,16701,23.4,34.4,2.56,1.1,0
1,2018,80,17133.37,24.4,35.2,2.72,1.15,1.4
1,2018,81,13959.52,24.34,32.34,2.82,1.1,28.5
1,2018,82,10783.41,22.4,29,3.07,1.1,12.6
1,2018,83,18196.78,23,32.4,2.95,1.1,0
1,2018,84,24172.5,23.4,34.8,2.83,0.98,0
1,2018,85,19564.23,24.4,35,2.68,1.2,0
1,2018,86,12939.78,24.8,33,3.43,1.11,47.7
1,2018,87,17041.34,22.81,35.4,2.74,1.1,32.4
1,2018,88,12147.9,21.2,29.2,2.97,1.1,0
1,2018,89,18154.11,23,31.8,3.06,1.1,0
1,2018,90,17429.79,22.11,30.4,3.03,1.1,13.1
1,2018,91,20501.25,22,33,2.89,0.98,8.4
1,2018,92,18547.3,22,31.2,2.97,0.98,0
1,2018,93,16604.08,23.6,31.4,3.11,0.98,54.5
1,2018,94,15316.08,21.4,31.21,3.47,0.98,2.4
1,2018,95,14742.5,21.6,29.6,2.91,0.98,57
1,2018,96,17283.4,22,30.3,2.89,0.98,0.5
1,2018,97,16175.74,23,31.6,2.98,0.98,0.9
1,2018,98,18324.99,23,32,2.94,0.98,0
1,2018,99,16153.52,23,31.4,3.18,0.98,0
1,2018,100,11458.48,23.6,26.8,3.06,0.98,4.3
1,2018,101,17531.59,22.6,32,3.05,0.92,0
1,2018,102,18848.67,23,32.2,3.1,0.98,0.2
1,2018,103,14847.54,23.2,30.4,3,0.98,25
1,2018,104,15502.93,21.02,30.3,3.26,0.98,0.2
1,2018,105,6670.21,21,29.4,2.84,0.98,0
1,2018,106,18565.48,21.2,32,3.01,0.98,70
1,2018,107,10431.84,22,26.8,2.97,0.98,32.5
1,2018,108,10573.73,22.6,27.2,3,0.98,11.2
1,2018,109,12511.79,20.4,27.4,2.76,0.98,3.1
1,2018,110,15337,22.6,29.4,3,0.98,0
1,2018,111,11467.38,23.2,31,3.37,0.98,13.6
1,2018,112,8501.01,22.4,27,3.08,1.23,47
1,2018,113,18887.25,21,31.2,2.87,0.75,1.7
1,2018,114,10107.42,22.6,29.2,3.19,1.03,14.4
1,2018,115,18986.7,21.4,31.2,2.94,0.98,35
1,2018,116,8401.96,21.8,27.2,3.06,0.98,0
1,2018,117,12099.08,22.8,29.7,3.4,0.98,22.5
1,2018,118,13585.15,21.2,31.2,2.95,0.98,0
1,2018,119,9536.73,20.5,27,2.95,0.98,46
1,2018,120,10716.52,22,27,2.93,0.98,0.8
1,2018,121,14514.91,21.6,29.8,2.8,1.04,26.7
1,2018,122,14196.38,22,30.6,3.08,1.08,0.6
1,2018,123,13312.43,22.4,30.4,3.19,0.86,33
1,2018,124,12872.7,21.4,29.8,2.93,0.89,0
1,2018,125,13232.95,23,30.2,3.2,0.89,8.2
1,2018,126,17246.05,22,30.2,2.94,0.89,40
1,2018,127,17341.03,22.2,30.5,3.07,0.89,34.5
1,2018,128,12124.37,21.2,27.8,2.93,0.89,6.8
1,2018,129,16664.37,22.2,30.4,3,0.89,2.9
1,2018,130,11867.64,23,31.3,3.36,0.87,6.5
1,2018,131,12807.25,22.8,32.6,3.34,1.1,12.7
1,2018,132,12238.88,21.2,32.4,3.37,0.89,1.1
1,2018,133,12934.16,21,32.6,3.27,0.95,28
1,2018,134,17051.64,21.3,32.6,3.2,0.74,0.8
1,2018,135,14087.31,23.2,30,3.11,0.89,4.2
1,2018,136,16593.3,20,31.7,2.82,0.98,2.3
1,2018,137,17037.76,22.8,32.4,2.96,0.98,0.4
1,2018,138,11177.84,23.6,25.8,2.99,0.83,44.5
1,2018,139,10814.73,23,29.5,3.25,0.86,24.2
1,2018,140,13471.46,22.2,29.4,2.75,0.85,48
1,2018,141,13767.95,22,29.4,3.01,0.78,0
1,2018,142,16514.69,22.6,31.4,3.14,0.83,68
1,2018,143,10803.67,21.8,29.2,3.09,1.05,10
1,2018,144,9945.73,23.2,26,3.01,0.77,11.2
1,2018,145,12784.48,22.2,30,3.09,1.04,31
1,2018,146,10361.69,22,31.8,3.26,0.89,37
1,2018,147,11160.16,22,30,3.18,0.98,6.5
1,2018,148,9778.04,21.6,27.8,3.06,0.62,8.6
1,2018,149,12016.23,21.8,30,3.1,0.9,0
1,2018,150,16862.41,22.4,31.2,2.98,0.71,0
1,2018,151,16041.27,23.2,31.4,3.06,0.79,5
1,2018,152,12110.17,23.6,25.3,3,0.82,0.6
1,2018,153,16885.43,20.2,31.1,3,0.91,49.5
1,2018,154,15064.85,23.07,31.2,3.22,0.87,97.5
1,2018,155,15583.07,22,31.1,3.05,0.96,29.1
1,2018,156,13007.02,21.6,30,2.95,0.96,16.2
1,2018,157,12765.17,22,28.3,2.94,0.96,4.3
1,2018,158,12569.86,21.4,27.4,2.8,0.96,14.2
1,2018,159,11652.91,22.8,28,3.11,0.87,10.4
1,2018,160,9268.85,22.8,28.6,3.13,1.03,0.5
1,2018,161,15014.62,23,30.4,3.2,0.94,0
1,2018,162,16808.01,22.2,30.8,3.08,0.96,15.6
1,2018,163,17119.26,21,31.4,2.89,0.96,6.6
1,2018,164,8677.66,22.2,26,2.93,0.82,62.4
1,2018,165,14901.28,21,30,2.97,0.83,15
1,2018,166,11412.34,21.4,26.4,2.8,0.94,11.4
1,2018,167,13813.51,21,29,2.87,1.02,2.5
1,2018,168,12650.17,21,29.2,2.86,0.96,0.1
1,2018,169,12508.28,20.4,25.2,2.49,1.58,1.1
1,2018,170,11989.5,20,28.6,2.97,0.84,1.2
1,2018,171,14318.1,21.8,28.6,2.85,0.76,0
1,2018,172,10559.66,21.8,29,2.81,1.26,0
1,2018,173,14863.46,22,30,2.98,1.02,1.7
1,2018,174,17121.7,20.8,30,2.99,0.81,27
1,2018,175,12826.39,21.9,29.8,3.08,0.92,9.4
1,2018,176,11636.43,20.6,28.8,2.91,0.71,3.3
1,2018,177,11334.42,21.4,27.2,2.86,0.91,9.5
1,2018,178,15723.71,21.2,30.6,3.07,1.1,45
1,2018,179,12554.06,21,26.8,2.73,1.22,4.2
1,2018,180,14027.94,21,28.4,2.81,0.69,0
1,2018,181,10796.77,22,28.4,3.14,1.11,15
1,2018,182,12512.6,22,29.4,2.89,0.74,0
1,2018,183,12926.19,20.4,29.4,2.96,0.86,73
1,2018,184,10771.21,20.6,26.2,2.8,1.25,5
1,2018,185,12258.29,22,28.4,3.03,0.97,10.6
1,2018,186,15036.83,21.8,30,2.97,0.84,0
1,2018,187,12888.83,22.4,29.5,2.97,0.85,0.4
1,2018,188,9408.71,22,27,2.97,1.07,7.3
1,2018,189,18074.03,22.2,34.4,3.39,0.81,9.7
1,2018,190,18574.74,21.2,33.6,3.28,0.91,1.5
1,2018,191,9651.58,22.8,26.6,3.01,0.81,33.1
1,2018,192,10751.43,22,27.8,2.99,1.26,41.7
1,2018,193,12859.58,21.6,27.8,2.9,1.04,14.4
1,2018,194,10770.17,21.4,25.8,2.79,0.93,16.8
1,2018,195,26249.12,21,30,2.91,0.98,12
1,2018,196,17985.86,21.4,32,3.13,1.41,23.5
1,2018,197,10806.04,21.4,29.6,3.08,1.44,27.8
1,2018,198,13254.19,22,29.6,3.02,0.97,14.8
1,2018,199,12522.73,20.6,27.4,2.79,0.8,6.1
1,2018,200,14657.23,22,30.4,3.11,1.12,0
1,2018,201,19854.2,21.2,33.2,2.87,0.97,9.9
1,2018,202,18516.53,21,30.6,2.91,0.97,8
1,2018,203,17369.5,20.2,30.6,2.78,0.97,0
1,2018,204,15692.93,22.4,31.2,3.12,1,61.8
1,2018,205,12744.18,22,26.8,2.94,1.06,4.3
1,2018,206,11643.02,21.2,29.2,3,1.06,41.3
1,2018,207,10730.84,21.8,28.94,3.18,0.73,7.7
1,2018,208,13284.64,21.6,29.2,2.99,0.93,3.5
1,2018,209,14335.56,21.8,31,3.34,0.83,0
1,2018,210,13142.34,22,31,3.09,1.12,10.1
1,2018,211,13811.3,22.2,29,2.97,0.83,12.8
1,2018,212,18909.72,22.4,28.25,2.92,0.69,20
1,2018,213,11770.8,21,27,2.81,0.93,10
1,2018,214,18827.24,21.2,30.4,2.94,0.69,16
1,2018,215,13477.71,21,29,2.85,0.91,8.4
1,2018,216,14500.48,23,30.5,3.07,0.88,63
1,2018,217,19395.93,21,34.4,3.09,1.14,0
1,2018,218,17841.32,22.4,32.2,2.91,0.9,0
1,2018,219,13388.56,22.6,32,3.36,0.93,14
1,2018,220,15852.17,20.4,30.2,2.68,1.05,4.7
1,2018,221,12109.94,21.4,26.2,2.73,0.88,8.4
1,2018,222,18791.24,21.4,32.2,2.71,0.89,0
1,2018,223,18029.88,21.2,32.2,3.04,0.87,3.5
1,2018,224,18641.62,20,32,2.91,1.25,4.7
1,2018,225,14958.81,22,30.6,2.54,0.81,10.5
1,2018,226,13701.52,21.8,27.4,2.89,0.78,25.6
1,2018,227,17758.26,21.4,32,2.65,0.84,0
1,2018,228,18486.8,21.2,32.4,2.71,1.12,3.6
1,2018,229,15943.47,20.8,30.2,2.85,1.07,0
1,2018,230,14383.02,23,30.2,2.93,0.9,77.5
1,2018,231,16919.24,21.2,31.2,2.59,0.95,0
1,2018,232,16326.96,22,31.2,3.13,1,2
1,2018,233,19496.35,21.2,31.8,3.04,1.19,13.7
1,2018,234,17397.27,21.2,31,2.48,0.99,0
1,2018,235,16224.25,21.2,30.5,3.01,1.12,2.5
1,2018,236,18486.1,21.2,32,2.6,0.95,16.8
1,2018,237,15985.6,21.2,31.8,3.1,1.19,12.8
1,2018,238,19082.04,21.8,31.8,3.02,1.39,12.8
1,2018,239,18035.76,21.4,30.6,2.65,1.17,0
1,2018,240,12388.55,21.8,27.2,2.79,1.07,1.7
1,2018,241,11015.68,22.4,29.2,2.9,1.02,0
1,2018,242,17429.39,22.2,31.6,2.64,0.77,9.6
1,2018,243,18766.81,21.2,32.2,2.79,0.88,0
1,2018,244,19811.38,23,32.4,2.85,0.89,0
1,2018,245,11456.28,23,31,3.36,0.93,30.6
1,2018,246,15180.52,22.2,30.2,2.77,0.97,46.7
1,2018,247,15470.22,22.1,30.2,3.03,1.26,5.8
1,2018,248,12078.6,22.2,29.2,2.95,0.93,5.2
1,2018,249,15080.32,22,30,2.94,0.98,0
1,2018,250,15692.21,22.6,30.4,3.13,1.19,3
1,2018,251,15497.91,22.6,31.3,2.92,1.05,0
1,2018,252,16910.93,19,32.8,2.74,1.1,0
1,2018,253,18772.64,23,32.4,2.94,1.11,1
1,2018,254,15057.36,22.2,31,3,0.89,0
1,2018,255,19530.22,22.8,32.6,3.15,1.15,0.5
1,2018,256,14473.01,22.6,30.8,3.05,0.87,6.3
1,2018,257,15601.63,22.2,31.4,2.87,0.83,0.5
1,2018,258,17933.22,21.2,31.4,3,1.06,30.8
1,2018,259,18908.53,21.2,32.6,2.47,0.78,0
1,2018,260,18740.14,21,31.6,2.89,1.1,0
1,2018,261,17684.41,20.8,31.4,2.7,0.95,0
1,2018,262,20306.85,22,33,2.9,1.06,0
1,2018,263,20316.04,21.8,33.4,2.87,0.84,0
1,2018,264,15100.15,23,32,3.13,1.21,6.2
1,2018,265,21672.79,22,34.4,3.5,1.28,1.4
1,2018,266,15085.47,22.8,32.4,3.15,0.83,0
1,2018,267,18326.89,22.4,32.2,2.99,0.98,4.4
1,2018,268,20276.58,21.8,31.4,2.98,0.94,38
1,2018,269,15704.57,21.6,29.6,3.04,1.13,25.9
1,2018,270,18064.4,21.4,30.6,3.21,1.07,16.8
1,2018,271,21953.41,20.8,32,3.02,1.01,0
1,2018,272,23104.4,20,33,2.91,0.75,6.8
1,2018,273,14718.5,21.2,33,3.06,0.91,0
1,2018,274,19489.1,23,32.6,3.26,1.15,0.2
1,2018,275,21489.74,22.8,33,2.96,0.79,0
1,2018,276,24180.27,23.4,32,2.96,1.14,18.6
1,2018,277,17974.6,22,32.2,3.05,0.91,0
1,2018,278,19974.37,23,31.2,3.18,1.27,101.4
1,2018,279,17262.25,21.8,31.1,3.12,0.78,0
1,2018,280,8979.96,22,34.6,3.3,1.05,0
1,2018,281,19191.74,22,33.2,2.9,1.05,0
1,2018,282,16400.57,23,33,3.05,1.05,10.5
1,2018,283,8677.75,21.8,32.2,3.19,1.05,63
1,2018,284,15236.58,21.8,29.4,3.01,1.05,0
1,2018,285,15491.41,22.6,31.2,3.16,1.05,0.7
1,2018,286,22197.77,22.2,31.2,3.05,1.05,0
1,2018,287,21327.41,23,34.2,3.17,1.05,75.6
1,2018,288,24065.43,21.2,34.6,3.67,1.05,5.3
1,2018,289,22104.52,21.8,31.6,3,1.05,0
1,2018,290,20735.94,22.6,33,2.93,1.05,0
1,2018,291,16628.16,23,33,3,1.05,14.2
1,2018,292,18726.67,21.6,31.2,3.15,1.05,0
1,2018,293,12181.02,21,31.2,3.12,1.05,26.4
1,2018,294,24820.09,20.2,31,3.27,1.05,35
1,2018,295,13991.53,22.2,31.4,3.24,1.05,34.9
1,2018,296,25877.83,22.6,29.4,3.03,1.05,2.3
1,2018,297,9532.57,23.2,30,3.24,1.05,4.7
1,2018,298,15628.59,23.2,30,3.03,1.05,4.3
1,2018,299,9131.07,23,31.6,3.21,1.05,20.3
1,2018,300,9519.62,22,32,2.7,1.03,0.4
1,2018,301,14573.47,23,32,3.26,1.09,2.4
1,2018,302,16920.09,22,32.6,3.14,1.15,4.7
1,2018,303,8951.47,23.2,32.4,3.12,1.16,14.8
1,2018,304,13182.41,21.8,31.8,3.05,1.09,0.2
1,2018,305,7181.38,22.4,32,3.11,0.87,98.3
1,2018,306,13930.16,21,32.4,3.25,1.22,0
1,2018,307,13028.71,22,35,3.24,1.09,0
1,2018,308,8695.88,22.4,32.8,3.04,1.07,2
1,2018,309,21751.36,23.4,33,3.55,1.12,15.4
1,2018,310,13534.7,22.4,31.8,3.06,0.98,1
1,2018,311,10813.01,23.2,29.2,3.31,0.82,9.2
1,2018,312,6648.62,22.2,30.6,3.14,0.95,11.8
1,2018,313,15140.68,22,30.8,3.16,0.79,29.2
1,2018,314,12810.89,21,31,3.27,0.7,0
1,2018,315,8246.02,21.4,31.8,3.17,0.82,2.4
1,2018,316,18833.29,21.6,31.9,3,0.97,0
1,2018,317,17866.67,23.2,32.6,3.08,1.1,0
1,2018,318,12596.98,22.2,33.4,2.87,1,0
1,2018,319,24831.32,20.6,32.8,2.81,1.08,0
1,2018,320,12623.75,23.6,31.6,3.21,0.96,0
1,2018,321,22234.04,24,31.8,3.32,1.02,0
1,2018,322,23942.82,23.8,32,3.29,0.97,0
1,2018,323,27078.03,23.8,32,3.05,1.26,0
1,2018,324,14867.02,23.2,32.8,3.11,1.09,0
1,2018,325,22924.8,23,30.4,3.19,1.23,6.9
1,2018,326,22320.38,23.2,30.4,3.18,0.86,3.1
1,2018,327,13517.43,24.4,29.6,3.2,0.87,0
1,2018,328,21917.15,23,32.4,3.01,1.02,0
1,2018,329,18602.51,22.4,32.2,2.89,1.1,0
1,2018,330,25426.24,23.2,32.6,2.95,1.02,0
1,2018,331,16654.42,23,32,3.06,1.04,0
1,2018,332,17457.25,23.4,32.6,3.02,1.01,0
1,2018,333,7771.12,23.2,32.6,3.02,1.35,0
1,2018,334,16820.52,23.2,35.4,3.59,0.82,0.2
1,2018,335,18583.92,23,32.2,3.03,0.83,0
1,2018,336,20040.88,22.2,32.4,2.8,1.11,0.1
1,2018,337,9670.73,22.6,31,2.7,1.12,0
1,2018,338,21614.94,20,31.2,2.53,0.92,0
1,2018,339,16420.38,21,31.4,2.85,1.14,1.7
1,2018,340,14051.05,22.4,31.2,2.82,0.99,0
1,2018,341,11857.87,22.6,32.2,2.65,1.09,0
1,2018,342,9014.5,22.8,32.4,2.74,1.09,0
1,2018,343,16730.16,23,32.6,2.73,1.05,0
1,2018,344,16646.77,23.4,31.4,2.94,0.95,0
1,2018,345,14805.17,23.6,31,2.8,1.05,0
1,2018,346,16357.55,23.2,31.4,2.84,0.76,7.6
1,2018,347,6942.2,21.2,31.2,3.13,1.22,3.5
1,2018,348,15890.93,22.2,30.4,2.97,1.36,0
1,2018,349,26199.03,22,33,2.73,1.59,0
1,2018,350,21258.36,21,33,2.69,1.47,0
1,2018,351,18560.78,21.6,32.8,2.5,1.3,0
1,2018,352,19068.65,22.4,33,2.8,1.29,0.5
1,2018,353,17785.75,22.4,32.6,2.81,1.28,0
1,2018,354,18377.42,22,32.6,2.59,1.25,0
1,2018,355,18516.19,23.4,33.8,2.8,1.29,0
1,2018,356,19919.17,22,33.61,2.55,1.44,0
1,2018,357,16598.85,22.2,31.65,2.31,1.41,0
1,2018,358,16112.52,21,31.58,2.4,1.16,0
1,2018,359,19310.34,22,33.8,2.47,1.57,0
1,2018,360,17138.1,19.8,32.6,2.39,1.49,0
1,2018,361,17173.42,23.6,33.6,2.58,1.33,0
1,2018,362,18111.44,23.4,33.6,2.63,1.62,0
1,2018,363,18376.29,22.8,33.6,2.66,1.46,0
1,2018,364,19961.31,21.82,33.6,2.53,1.51,0
1,2018,365,17652.72,23.17,34.2,2.45,1.67,0
