*-----------------------------------------------------------
*  Station Name: VVME
*  DSSAT Weather file - by https://github.com/jrodriguez88
*  Longitude: -73.475773 -- Latitude: 4.029664 -- Elevation: 315m
*-----------------------------------------------------------
*  Date: 2012-01-01 : 2021-12-31
*
*  Column    Daily Value
*     1      Station number
*     2      Year
*     3      Day
*     4      irradiance         KJ m-2 d-1
*     5      min temperature            oC
*     6      max temperature            oC
*     7      vapor pressure            kPa
*     8      mean wind speed         m s-1
*     9      precipitation          mm d-1
*-----------------------------------------------------------
-73.475773,4.029664,315,0,0
1,2016,1,12476.96,22.6,30.8,3.04,-99,0
1,2016,2,14257.41,20.62,31.2,2.7,-99,0
1,2016,3,18715.45,22.2,32.9,3.21,-99,0
1,2016,4,19301.73,22.2,33.2,2.89,-99,0
1,2016,5,19186.89,23.6,33.2,2.9,-99,0
1,2016,6,18751.71,24.4,32.8,2.98,-99,0
1,2016,7,17510.06,23.8,32.8,2.98,-99,0
1,2016,8,18456.41,24.6,34,2.78,-99,0
1,2016,9,15074.25,24.8,33.4,2.78,-99,1.7
1,2016,10,16920.32,24.2,33.4,2.88,-99,0
1,2016,11,16535.22,24.5,33.2,2.91,-99,0
1,2016,12,17060.2,23.4,33.8,2.93,-99,0
1,2016,13,15178.72,25.2,33.8,2.76,-99,0
1,2016,14,16175.15,22.4,33.8,3.02,-99,0
1,2016,15,17711.25,23,34,2.81,-99,0
1,2016,16,17197.49,22.4,33.8,3.02,-99,0
1,2016,17,18384.74,21.8,34.4,2.66,-99,0
1,2016,18,17959.92,22.4,34.4,2.8,-99,0
1,2016,19,16822.75,22.2,34.4,3.17,-99,0
1,2016,20,17567.91,24.2,34.2,2.83,-99,0
1,2016,21,15811.64,22.8,33.6,2.77,-99,0
1,2016,22,14866.15,22.6,33.2,2.81,-99,0
1,2016,23,17611.08,22.4,34.4,2.8,-99,0
1,2016,24,17388.31,22.4,35.2,2.84,-99,0
1,2016,25,16060.31,22.6,36,2.59,-99,0
1,2016,26,17330.46,23.6,36,2.53,-99,0
1,2016,27,17348.59,21.2,36,2.39,-99,0
1,2016,28,17111.14,22.2,35.8,2.62,-99,0
1,2016,29,16973.85,23.2,35.8,2.83,-99,0
1,2016,30,16794.25,23.2,36.4,2.78,-99,0
1,2016,31,17031.7,25.2,36.4,2.59,-99,0
1,2016,32,17168.13,23.6,36.4,2.53,1.33,0
1,2016,33,14786.71,22,36.2,2.43,1.56,0
1,2016,34,15120.87,24.4,36.2,2.47,1.47,0
1,2016,35,12433.79,23.24,34.2,2.78,1.31,0.5
1,2016,36,12362.12,24.2,34.8,2.66,1.14,0
1,2016,37,11631.64,24.4,36,2.45,1.6,0
1,2016,38,10667.16,25.2,33.84,2.72,1.17,1.3
1,2016,39,12189.43,24.2,29.89,2.99,1.22,0
1,2016,40,13207.45,23,36.6,2.62,1.77,24.8
1,2016,41,9947.9,23.4,31.48,3.12,1.37,0.2
1,2016,42,18813.02,23.8,35.2,2.62,1.93,0
1,2016,43,17322.69,23.6,35,2.81,1.93,0
1,2016,44,16070.68,24.2,35.6,2.54,1.1,0
1,2016,45,10750.05,24.2,33.15,2.84,1.27,0
1,2016,46,7796.16,24,30,2.93,1.05,0
1,2016,47,12347.45,23.6,33.8,2.84,1.55,0.1
1,2016,48,16714.81,24.8,36.4,2.53,1.57,0
1,2016,49,15859.13,24.4,36.2,2.47,1.56,0
1,2016,50,18510.81,24.6,36.2,2.5,1.28,0
1,2016,51,10408.12,23.89,34.4,2.69,1.47,0
1,2016,52,9080.99,25.8,33.6,2.78,1.17,0
1,2016,53,11570.33,24.2,33.6,2.92,1.08,0
1,2016,54,14585.53,25.2,36,2.65,1.56,0
1,2016,55,16492.04,25.2,36,2.65,1.12,0
1,2016,56,13393.96,24.8,34.62,2.66,1.44,0.3
1,2016,57,20344.79,23.2,36.16,2.76,1.47,0
1,2016,58,16463.55,24.56,35.2,2.7,1.37,0
1,2016,59,16960.04,25.2,36.4,2.59,1.39,0
1,2016,60,17546.32,23.6,36.4,2.53,1.33,0.5
1,2016,61,18204.28,25.8,36.4,2.53,1.54,0.2
1,2016,62,12984.68,24.2,32.26,2.76,1.21,0
1,2016,63,16024.05,23.7,34.9,2.81,1.39,0
1,2016,64,13347.33,26.2,36.6,2.64,1.23,0.1
1,2016,65,19654.03,22.4,37.2,2.66,1.16,0
1,2016,66,17941.79,26.4,37,2.69,1.07,0
1,2016,67,14516.45,26.2,32.89,2.89,1.44,0
1,2016,68,12502,25.6,34.04,2.74,1.62,0
1,2016,69,13282.57,24.2,35.8,2.52,1.28,0
1,2016,70,20910.36,24.8,37.6,2.73,2.1,0
1,2016,71,20546.84,25.2,37.4,2.69,1.54,0
1,2016,72,17611.08,26,31.63,2.82,1.21,0
1,2016,73,9030.04,25.6,33.12,2.77,1.2,0
1,2016,74,15150.23,23,34.8,2.58,1.15,26.8
1,2016,75,12772.89,22.6,28.2,3.02,0.95,0.7
1,2016,76,9102.57,23.2,29.8,3.14,1.02,0.2
1,2016,77,8915.2,24,29.2,3.04,1.28,8
1,2016,78,10142.17,23.2,32.8,2.93,1.12,4.7
1,2016,79,11271.58,23.88,33.6,2.85,1.24,0
1,2016,80,17815.72,23.6,36.2,2.52,1.57,5.3
1,2016,81,15297.88,23.6,33.2,2.9,1.14,0
1,2016,82,8106.14,24,32.91,2.81,1.05,5
1,2016,83,20917.26,24.2,34.4,2.63,1.55,0
1,2016,84,22424.86,22.2,35.4,2.95,1.87,0
1,2016,85,21809.22,22.2,36,2.54,1.9,0
1,2016,86,18675.73,22.3,36,2.52,1.16,0
1,2016,87,15276.29,22.2,34.8,2.98,1.13,0
1,2016,88,18730.13,23.8,34.2,2.7,1.22,12.5
1,2016,89,18363.16,23.6,33,2.98,2.07,88.6
1,2016,90,14196.65,22.6,29.6,3.11,1.11,46.7
1,2016,91,8739.06,23.3,27.8,2.94,1.01,0
1,2016,92,18114.48,24,33.2,2.83,-99,82.5
1,2016,93,18449.66,22.36,32.2,2.89,-99,46.9
1,2016,94,18222.41,23.2,32.4,3.06,-99,12.7
1,2016,95,10998.72,22,28.8,2.89,-99,9.4
1,2016,96,14340.31,22.8,31,3.01,-99,0.5
1,2016,97,10595.49,23.6,30.2,2.98,-99,0.4
1,2016,98,22888.54,22.6,33.2,2.81,-99,0.2
1,2016,99,10117.13,24,29.8,2.94,-99,1
1,2016,100,11692.94,23.2,31.8,3.02,-99,0
1,2016,101,11440.82,21.2,31.6,3.01,-99,9.6
1,2016,102,17553.23,21,32.6,3.11,-99,57.5
1,2016,103,9008.45,22.6,27.2,2.95,-99,1.7
1,2016,104,11404.55,22.6,31.5,3.04,-99,0.1
1,2016,105,16301.22,23.6,30.4,2.97,-99,0.6
1,2016,106,14354.98,24,29.4,3.06,-99,42.7
1,2016,107,10371.85,22.8,30,3.13,-99,30.8
1,2016,108,15877.26,21.8,32,3.2,-99,1.5
1,2016,109,22823.78,23,33.6,3.31,-99,7.3
1,2016,110,21262.65,23,33.4,3.08,-99,45
1,2016,111,10729.72,21.2,25.6,2.73,-99,10.5
1,2016,112,23453.24,21.2,33.4,2.97,-99,79.7
1,2016,113,9685.41,22.4,30.6,3.3,-99,29.5
1,2016,114,15545.69,21.4,31,3.03,-99,0.9
1,2016,115,10165.83,23.6,26.6,3.14,-99,10.5
1,2016,116,20729.89,22.8,32.4,3.19,-99,0
1,2016,117,15423.08,24.4,33,3.32,-99,28
1,2016,118,21230.7,23.2,33.8,3.35,-99,2.3
1,2016,119,13959.52,22.6,31.6,3.23,-99,19.4
1,2016,120,6706.48,23,28.8,3.14,-99,0
1,2016,121,10415.03,21.6,27,2.88,-99,0
1,2016,122,14487.96,21.8,29.6,3.05,-99,0
1,2016,123,13948.3,22.8,31.6,3.44,-99,52.4
1,2016,124,10501.73,22.4,25.6,2.98,-99,0.5
1,2016,125,13563.19,22,30,3.28,-99,0
1,2016,126,14016.51,22.2,30.4,3.17,-99,1.1
1,2016,127,10710.12,22.6,30.2,3.33,-99,4.8
1,2016,128,21053.69,22,31.6,3.03,-99,0
1,2016,129,15445.53,22.8,31.2,3.37,-99,16.4
1,2016,130,12584.9,22.4,30.8,3.16,-99,6
1,2016,131,14434.42,22.8,31.8,3.04,-99,0
1,2016,132,18186.15,21.8,32,2.94,-99,0
1,2016,133,17866.67,23,32.2,3.2,-99,91
1,2016,134,9905.58,21.8,26.8,2.98,-99,30.3
1,2016,135,12883.65,21.2,29.4,3.14,-99,20.2
1,2016,136,17794.14,21.3,31.8,3.15,-99,0.3
1,2016,137,9753.62,21.6,29.8,3.17,-99,31.8
1,2016,138,12980.36,22.2,31.8,3.4,-99,20
1,2016,139,13772.15,22.8,30.2,3.26,-99,15.5
1,2016,140,14487.96,22,30.4,3.08,-99,0
1,2016,141,13052.89,23.2,31.6,3.21,-99,0.2
1,2016,142,15132.1,23.4,31.6,3.27,-99,0
1,2016,143,18276.81,23.4,31.8,3.27,-99,0
1,2016,144,20510.58,24,31.8,3.24,-99,1.6
1,2016,145,11095.43,23.6,31.4,3.47,-99,1.9
1,2016,146,12800.76,23,29.4,3.16,-99,2
1,2016,147,14962.86,22.8,30.6,3.25,-99,68
1,2016,148,8393.67,23,29,3.25,-99,26.9
1,2016,149,13494.98,22.4,29.6,3.18,-99,1.3
1,2016,150,18959.81,22.6,31.6,3.13,-99,1
1,2016,151,14779.81,22.8,30.2,3.28,-99,0
1,2016,152,11831.08,23,30.4,3.32,-99,1.8
1,2016,153,18996.07,21.6,30.8,3,-99,0
1,2016,154,13833.46,23.4,30.2,3.02,-99,0
1,2016,155,9220.87,23.2,31.4,3.41,-99,8.6
1,2016,156,20651.32,21,31.22,2.84,-99,0
1,2016,157,19711.88,22.8,32.6,3.09,-99,0
1,2016,158,11678.27,23,30.2,3.08,-99,10.2
1,2016,159,8433.39,23,30.6,3.34,-99,5
1,2016,160,18514.26,22.2,31.4,2.98,-99,10.7
1,2016,161,16463.55,21.8,31.4,3.05,-99,4
1,2016,162,8005.12,22.4,27.6,3.03,-99,33.7
1,2016,163,20888.77,20.48,30.6,2.83,-99,0
1,2016,164,7443.87,22.1,28,2.94,-99,9
1,2016,165,9030.04,21.8,25.6,2.88,-99,18
1,2016,166,7231.46,21,26.2,2.76,-99,0.2
1,2016,167,10080.87,21.6,27.6,2.88,-99,0.2
1,2016,168,14074.36,21.2,29.8,2.93,-99,0
1,2016,169,14228.92,22.8,30.8,3.2,-99,0
1,2016,170,12436.1,21.2,29.83,3.19,-99,8.2
1,2016,171,13174.64,19,28.6,2.86,-99,14.7
1,2016,172,7724.49,20.6,25.6,2.74,-99,3.8
1,2016,173,8069.88,21.8,26.2,2.86,-99,3.8
1,2016,174,11138.6,21.2,30.4,3.07,-99,1.1
1,2016,175,8170.04,22.2,29.6,3.09,-99,0
1,2016,176,11674.38,22.8,29.99,3.39,-99,52.3
1,2016,177,17808.82,21.2,30.4,3.11,-99,3.2
1,2016,178,11689.49,20.62,28.2,2.73,-99,0
1,2016,179,17427.17,21.6,30.6,2.9,-99,0
1,2016,180,18028.13,23.2,31,3.07,-99,6.6
1,2016,181,14444.78,22.8,31.2,3.23,-99,4.8
1,2016,182,9562.79,22.6,30.21,3.47,-99,1.7
1,2016,183,6479.39,22.4,27.2,3.07,-99,4
1,2016,184,14380.03,22.4,29.6,3.09,-99,26.5
1,2016,185,10627.44,22.2,30,3.18,-99,6.9
1,2016,186,6831.68,20.4,30.4,3.19,-99,1.8
1,2016,187,12369.03,21.8,29.4,2.97,-99,94
1,2016,188,7479.27,21.4,28.2,3.06,-99,32
1,2016,189,12357.81,21.6,25.8,2.92,-99,18.8
1,2016,190,21269.55,20.8,31.2,2.98,-99,0
1,2016,191,15948.93,21.4,31.8,3.14,-99,0
1,2016,192,11814.69,22.1,31.8,3.13,-99,0
1,2016,193,7933.45,21.2,31.8,3.26,-99,27.5
1,2016,194,11012.54,20,29.4,2.83,-99,9.6
1,2016,195,9353.84,21.4,29.2,3.09,-99,0.7
1,2016,196,13393.96,21.2,30.8,3.03,-99,0
1,2016,197,15613.91,22.4,31.4,3.16,-99,1.6
1,2016,198,9224.32,23,28.4,2.97,-99,0
1,2016,199,11174.87,21.8,30.2,2.89,-99,11.2
1,2016,200,9789.08,21.6,26.2,2.89,-99,16.9
1,2016,201,8551.69,21.2,29,2.81,-99,4.6
1,2016,202,12678.15,21.4,28.8,2.91,-99,0.6
1,2016,203,9325.34,22.4,26.2,3,-99,11.1
1,2016,204,10756.96,21.4,28.8,2.81,-99,16.3
1,2016,205,10268.24,21.8,30.6,2.99,-99,0
1,2016,206,6615.81,21.4,29.6,3.01,-99,0.8
1,2016,207,13106.43,21.6,28.2,2.88,-99,11.5
1,2016,208,17830.4,21,31.2,2.89,-99,71.5
1,2016,209,8440.3,20.6,29.4,3.02,-99,4.5
1,2016,210,13157.37,21.4,28.4,2.92,-99,0.9
1,2016,211,11819.01,21.2,28.2,2.77,-99,0
1,2016,212,11667.04,21.12,27.8,2.86,-99,36
1,2016,213,9145.74,21.2,29.4,2.83,-99,2.2
1,2016,214,6975.88,20.8,27,2.83,-99,12.1
1,2016,215,7731.4,21.1,27,2.91,-99,2.7
1,2016,216,9242.45,21.2,28.5,2.92,-99,0
1,2016,217,16251.14,21,31.2,2.88,-99,0
1,2016,218,11002.18,22.4,29.21,2.98,-99,0
1,2016,219,22730.53,21,32,2.92,-99,0
1,2016,220,16189.83,23.2,32.8,3.06,-99,65
1,2016,221,15088.92,20.6,30.2,3.05,-99,122
1,2016,222,9785.57,22,27,2.96,-99,8.8
1,2016,223,12408.75,21.6,30,2.94,-99,9.3
1,2016,224,20737.66,21.8,32,3.13,-99,0
1,2016,225,14614.02,21.6,30.2,2.99,-99,11.3
1,2016,226,18488.36,21.8,31.8,3.06,-99,1.9
1,2016,227,13117.65,22.2,30.8,3.12,-99,4.7
1,2016,228,13232.49,22.4,32,3.24,-99,0
1,2016,229,12128.13,21.8,30.8,2.87,-99,58
1,2016,230,16643.15,20.8,30.8,3.05,-99,19.8
1,2016,231,7259.95,22.2,27.5,3.1,-99,11.8
1,2016,232,23079.36,21.4,32.8,2.99,-99,0.1
1,2016,233,22730.53,22.6,33.2,2.81,-99,21
1,2016,234,18866.55,22,33.2,3.19,-99,0
1,2016,235,15808.18,21.6,30.4,3.02,-99,19.6
1,2016,236,19650.57,21.4,31.2,2.97,-99,0
1,2016,237,20805.88,22.4,31.4,3.04,-99,0
1,2016,238,12764.5,21.8,31.4,3,-99,0
1,2016,239,21320.5,23,31.8,2.88,-99,0.1
1,2016,240,19590.13,22.6,32,3.01,-99,6.1
1,2016,241,21629.62,21.8,32,3.1,-99,2.8
1,2016,242,22442.99,22.8,32.4,3,-99,11.2
1,2016,243,21089.96,21.8,32.4,3.11,-99,0
1,2016,244,23461.01,23,32.6,3.16,-99,58
1,2016,245,16689.77,21,31,2.96,-99,9.1
1,2016,246,19852.62,21.8,30.4,2.97,-99,0
1,2016,247,19481.33,23,30.8,3.03,-99,0
1,2016,248,11825.92,22,30.2,2.94,-99,42
1,2016,249,15125.19,22,30.8,2.95,-99,0.9
1,2016,250,19002.98,22.8,31.4,3.09,-99,48
1,2016,251,12426.88,21.8,26.8,2.94,-99,4.9
1,2016,252,19197.26,21.4,31.2,3,-99,0
1,2016,253,11692.94,22.6,30.6,3.24,-99,0.9
1,2016,254,14272.09,23.6,30.8,3.33,-99,1.8
1,2016,255,12664.33,22.4,30.2,3.05,-99,18.6
1,2016,256,20899.13,21.8,31.6,2.89,-99,0
1,2016,257,23180.39,24,32.6,3.11,-99,0
1,2016,258,14901.55,23.4,32.2,3.27,-99,42
1,2016,259,18931.31,21.2,31,2.87,-99,0
1,2016,260,24515.29,22.2,32.2,2.95,-99,0
1,2016,261,18989.16,22.1,31.2,3.02,-99,6.5
1,2016,262,14685.69,20.2,30.2,3.08,-99,73
1,2016,263,18582.47,22.31,31.8,3.13,-99,0.4
1,2016,264,20244.63,21.8,31.8,3.01,-99,3.5
1,2016,265,22604.46,22.4,30,3.03,-99,0.1
1,2016,266,15970.51,21.4,31,2.97,-99,2.8
1,2016,267,19514.14,22,32.2,3.15,-99,5.8
1,2016,268,18338.12,20.9,31.4,3.03,-99,28.3
1,2016,269,14793.62,22.2,31.4,2.96,-99,0
1,2016,270,22169.28,22.2,31.6,2.96,-99,0
1,2016,271,18161.11,22.8,32.6,3.11,-99,0
1,2016,272,18035.91,22.4,32.6,3.17,-99,0
1,2016,273,16596.52,22,29.4,2.93,-99,0
1,2016,274,23648.38,22,33.2,2.95,-99,16.5
1,2016,275,11077.3,23.4,33,3.44,-99,127
1,2016,276,13800.65,21.6,33,3.52,-99,6
1,2016,277,10602.4,21.2,32.8,3.31,-99,0.7
1,2016,278,23687.24,22,31.6,2.93,-99,0.3
1,2016,279,11300.93,19.8,30,2.7,-99,0
1,2016,280,20766.16,22,32.8,3.02,-99,0.4
1,2016,281,7900.64,22.4,29.2,2.81,-99,0
1,2016,282,21212.57,22,32.8,3.08,-99,16.5
1,2016,283,11746.23,22.4,32.6,3.68,-99,5
1,2016,284,18114.48,22.2,31,3.03,-99,10
1,2016,285,18564.34,21.8,31.2,3.1,-99,24
1,2016,286,9587.83,22.2,27,2.96,-99,7.8
1,2016,287,16596.52,20.6,32,2.99,-99,16.3
1,2016,288,12865.52,22,31.8,3.22,-99,9.4
1,2016,289,13768.7,22.4,31.8,3.16,-99,0
1,2016,290,22323.84,22,32.8,2.78,-99,2.8
1,2016,291,16636.24,23.2,31.8,3.02,-99,2.5
1,2016,292,18370.06,23.6,32.8,2.95,-99,0
1,2016,293,22805.65,23.4,33.8,2.93,-99,0.5
1,2016,294,21053.69,22.2,31.8,2.99,-99,0.6
1,2016,295,19193.8,23.2,32,3.04,-99,0
1,2016,296,14473.28,22.4,32,3.02,-99,0.5
1,2016,297,22205.54,22,32.2,2.92,-99,0
1,2016,298,21888.65,22.2,32.8,2.99,-99,18.3
1,2016,299,15847.9,22,31.6,3.18,-99,3.3
1,2016,300,19399.31,23.8,31.6,3.27,-99,0
1,2016,301,13279.12,23.4,32,3.14,-99,0.2
1,2016,302,6346.41,23.4,30.5,3.28,-99,0
1,2016,303,9152.65,22.4,30.6,3.39,-99,0.4
1,2016,304,22003.49,20.8,31,2.88,-99,0
1,2016,305,22672.67,22.6,32,2.94,-99,0
1,2016,306,19107.46,22.2,32.6,3.03,-99,0
1,2016,307,12053.83,23.8,32,3.54,-99,1
1,2016,308,20568.43,23.2,32.4,3.25,-99,12
1,2016,309,10617.49,21.8,26.8,2.95,-99,13.8
1,2016,310,10894.25,21,28,2.8,-99,0
1,2016,311,17830.4,20.8,31,2.9,-99,0
1,2016,312,22162.37,22,32,2.98,-99,0
1,2016,313,13034.76,21.8,30.4,3.11,-99,2.1
1,2016,314,21647.75,22.2,32.4,3.01,-99,0
1,2016,315,16445.42,23.8,32.8,3.26,-99,72
1,2016,316,9821.38,21.6,26.6,2.92,-99,4.3
1,2016,317,20457.04,21.2,34.6,3.33,-99,0
1,2016,318,20920.72,22.4,32.4,3.12,-99,0
1,2016,319,20816.24,22.4,32.4,3.16,-99,1.1
1,2016,320,11991.7,23.2,31.8,3.04,-99,0
1,2016,321,21780.72,23.8,32,2.99,-99,0
1,2016,322,20611.6,23.4,32,3.02,-99,0
1,2016,323,12444.15,23.4,31.8,3.09,-99,16.2
1,2016,324,16732.95,22.8,31.8,3.06,-99,0.2
1,2016,325,11901.04,22.8,31.7,3.04,-99,3.6
1,2016,326,20337.88,22.46,32,3.03,-99,0
1,2016,327,16402.24,24,32,2.94,-99,0
1,2016,328,19949.33,23.4,32.4,2.91,-99,9.2
1,2016,329,16701,23.2,31.4,3.01,-99,65
1,2016,330,10723.27,22,27.8,2.98,-99,15
1,2016,331,18974.48,22,31.6,2.93,-99,14.4
1,2016,332,10908.06,20,31.8,2.8,-99,0
1,2016,333,16131.98,20,31.8,2.8,-99,8
1,2016,334,16992.69,18,31.8,2.73,-99,12.6
1,2016,335,13185.86,22.3,32,3.06,-99,0
1,2016,336,17984.96,22.75,30.55,3.11,-99,3.6
1,2016,337,13272.21,22.56,29.76,3.04,-99,14.4
1,2016,338,11699.85,20.4,30.6,2.83,-99,4
1,2016,339,17992.73,21.24,31.04,2.85,-99,0
1,2016,340,19841.4,23.29,32.09,3.13,-99,0
1,2016,341,18262.13,22.81,33.31,2.81,-99,0
1,2016,342,16045.64,22.64,32.84,3.1,-99,0
1,2016,343,21662.43,22.17,30.97,2.99,-99,0
1,2016,344,21287.69,22.83,32.23,3.02,-99,0
1,2016,345,13423.31,22.24,32.04,2.98,-99,2.1
1,2016,346,19964.01,22.22,31.62,2.97,-99,0
1,2016,347,17377.09,22.37,30.97,3.04,-99,0
1,2016,348,17456.53,22.91,31.91,3.13,-99,0
1,2016,349,14298.76,22.58,30.18,3.13,-99,0
1,2016,350,7992.16,22.44,32.34,2.98,-99,0
1,2016,351,21420.66,22.62,33.02,2.98,-99,0
1,2016,352,19582.36,22.79,33.19,2.8,-99,0
1,2016,353,19258.56,22.85,33.45,2.84,-99,0
1,2016,354,21374.03,22.79,32.79,2.99,-99,0
1,2016,355,17409.03,22.24,34.64,3.04,-99,0
1,2016,356,9670.73,22.94,33.74,2.73,-99,0
1,2016,357,19812.9,22.82,33.42,2.84,-99,0
1,2016,358,18212.05,23.71,34.71,2.62,-99,0
1,2016,359,8886.71,22.67,33.67,2.92,-99,0
1,2016,360,16563.71,23.26,32.06,3.1,-99,0
1,2016,361,14326.49,22.54,32.54,2.96,-99,0
1,2016,362,21197.89,22.92,31.52,2.96,-99,0
1,2016,363,21709.05,22.91,33.31,2.85,-99,0
1,2016,364,17675.84,22.26,32.86,3.19,-99,7.4
1,2016,365,6450.89,23.02,33.42,2.93,-99,27.4
1,2016,366,10782.86,23,32.9,3.07,-99,0
