*-----------------------------------------------------------
*  Station Name: VVME
*  DSSAT Weather file - by https://github.com/jrodriguez88
*  Longitude: -73.475773 -- Latitude: 4.029664 -- Elevation: 315m
*-----------------------------------------------------------
*  Date: 2012-01-01 : 2021-12-31
*
*  Column    Daily Value
*     1      Station number
*     2      Year
*     3      Day
*     4      irradiance         KJ m-2 d-1
*     5      min temperature            oC
*     6      max temperature            oC
*     7      vapor pressure            kPa
*     8      mean wind speed         m s-1
*     9      precipitation          mm d-1
*-----------------------------------------------------------
-73.475773,4.029664,315,0,0
1,2012,1,20309.39,20.1,32.2,2.86,2.07,0
1,2012,2,19244.75,20.4,31.8,2.88,1.57,0
1,2012,3,20384.51,20.4,32.6,2.82,1.56,0
1,2012,4,18769.84,22.8,33,2.91,1.34,0
1,2012,5,19511.89,23,32.6,3.04,1.28,0
1,2012,6,21726.32,23,31.8,3.06,1.6,2
1,2012,7,22496.53,22.3,33.1,3.11,1.41,0
1,2012,8,21791.95,22.3,32.8,2.96,1.48,0
1,2012,9,17840.76,22.4,33.2,2.91,1.45,0
1,2012,10,12941.5,22.6,33.4,2.83,1.58,0
1,2012,11,17434.94,23.2,32.4,3.06,1.32,0
1,2012,12,17733.7,23.2,32.2,2.96,1.91,0.9
1,2012,13,20867.18,24,32.6,2.96,1.73,0
1,2012,14,22144.24,22.4,33.4,2.95,1.67,0
1,2012,15,22828.1,22.8,33.6,2.77,1.65,0
1,2012,16,14016.51,22.2,32.4,2.92,1.85,0
1,2012,17,23194.2,20.4,32.8,2.77,1.52,0
1,2012,18,22823.78,19,32,2.75,1.7,0.1
1,2012,19,21639.98,21.6,31.2,3.06,1.25,0.2
1,2012,20,17988.42,22.8,30.2,3.09,1.31,0
1,2012,21,17121.5,21.8,31.6,2.93,1.57,0
1,2012,22,20377.6,21.4,33.6,2.99,1.24,0
1,2012,23,21129.67,22,34.8,2.93,1.45,0
1,2012,24,17006.66,21.4,34.5,3.12,1.63,0
1,2012,25,15246.94,23.2,32.6,2.99,1.5,0
1,2012,26,20359.47,21.8,33,2.97,1.66,0
1,2012,27,16679.41,21.2,33.6,3.04,1.55,0
1,2012,28,15052.66,22.8,33.8,2.69,1.68,0
1,2012,29,13534.7,21.2,34,3.1,1.54,0
1,2012,30,18798.34,21.8,32.2,2.94,1.7,0
1,2012,31,8382.45,21.2,34.8,3.03,1.62,0
1,2012,32,16738.28,23.6,36.38,2.52,1.28,0
1,2012,33,12793.85,22.6,32.2,3.09,1.62,0
1,2012,34,15859.99,21.2,33.6,3.04,1.6,0
1,2012,35,20703.99,22.2,35.4,2.95,1.9,0
1,2012,36,19967.46,23.8,30.2,2.95,1.59,24.1
1,2012,37,18301.85,21.8,34.77,2.49,0.99,12.6
1,2012,38,19866.44,20.8,31.4,2.9,1.42,1.3
1,2012,39,21032.1,22,26.2,2.88,1.44,10.6
1,2012,40,21450.02,20.8,31.8,3.01,1.34,0
1,2012,41,24022.26,21.4,31.8,3.01,1.49,2.5
1,2012,42,23989.45,23,34.2,2.82,1.56,0
1,2012,43,19686.84,24.6,32.4,2.75,1.51,0
1,2012,44,18805.25,24.2,33.6,2.92,1.62,0
1,2012,45,24334.83,23.8,33.4,2.67,1.45,0
1,2012,46,21158.17,22,33,2.89,1.42,0
1,2012,47,16985.08,21.2,33.6,3.04,1.3,0
1,2012,48,24083.56,21.2,34.3,3.16,1.68,0
1,2012,49,18693.86,22.4,33,2.84,1.57,2.7
1,2012,50,16981.62,22.8,33,2.91,1.39,0
1,2012,51,20050.35,22.4,34.3,3.06,1.36,0
1,2012,52,24719.93,20.8,34.4,3.02,1.7,0
1,2012,53,23773.58,22,33.6,2.76,1.71,0
1,2012,54,23378.12,20.8,33.8,2.92,1.95,0
1,2012,55,17754.42,20,34.8,2.77,1.68,0
1,2012,56,11789.65,23.2,32.1,3.11,1.95,0
1,2012,57,8886.71,21.1,31.2,2.94,1.58,0
1,2012,58,12182.53,20.6,34.2,2.94,1.73,0
1,2012,59,22662.31,21,34.6,2.86,1.86,0
1,2012,60,23669.1,21.8,34.6,2.53,1.57,0
1,2012,61,21545,23.6,35,2.81,1.9,0
1,2012,62,19693.74,23,32,3.03,1.14,2
1,2012,63,6792.82,22.2,31.3,3.05,1.3,24.3
1,2012,64,19954.3,21.2,31,2.85,1.32,0
1,2012,65,15834.09,21,33.2,2.81,1.42,0
1,2012,66,17637.9,19.6,34.2,2.83,1.92,0
1,2012,67,15999.01,22.2,34,3.05,1.68,0
1,2012,68,11401.1,21,32.4,3.05,2.1,0
1,2012,69,18733.58,20.2,29.2,2.75,1.09,0.7
1,2012,70,9111.21,19.6,29.4,2.66,0.97,4.3
1,2012,71,22727.07,21.6,31.6,2.96,1.17,60.6
1,2012,72,9602.51,21.4,30.8,2.96,1.22,7.1
1,2012,73,11235.31,22.2,30,2.95,1.35,0
1,2012,74,14876.51,22.4,31.2,3.03,1.56,0
1,2012,75,19331.09,23.2,32.6,2.99,1.33,0
1,2012,76,7633.83,23.2,32.6,2.99,1.31,14.3
1,2012,77,11949.39,21,33.8,2.97,1.3,0.1
1,2012,78,8256.38,22.4,30.4,3.03,1.36,3.1
1,2012,79,13886.99,21.8,30.8,2.98,1.33,0
1,2012,80,8379.86,24,31.6,3.02,1.4,7.4
1,2012,81,20706.58,22,30.2,2.94,1.26,16.2
1,2012,82,18895.05,22.8,30.6,3.11,0.86,7.7
1,2012,83,16405.7,22.6,30.2,3.13,1.18,0
1,2012,84,16258.05,21.8,28.8,2.9,1.64,12.7
1,2012,85,16233.01,22,30,2.98,1.05,0.4
1,2012,86,11095.43,22.6,30,3.02,1.23,17.5
1,2012,87,12034.87,21.8,32.2,2.94,1.18,13.4
1,2012,88,8260.7,21.4,30,2.96,1.61,67
1,2012,89,15891.08,21.2,30.8,2.94,1.15,71
1,2012,90,13886.13,20.2,30.57,2.8,0.66,57.5
1,2012,91,18625.65,21,28.4,2.77,1.11,4.7
1,2012,92,10023.02,21.2,31.2,2.95,1.05,2.4
1,2012,93,19093.51,22.4,31.6,2.97,1.11,0
1,2012,94,9434.14,23,30.2,3.07,1.31,7.9
1,2012,95,12951.87,21.4,29.4,2.93,1,0
1,2012,96,15320.33,23.68,25.8,2.94,1.28,20
1,2012,97,9746.71,20.8,32.8,2.83,1.02,3.5
1,2012,98,10044.6,21.2,30.6,2.93,1.22,2
1,2012,99,20949.21,21,29.6,2.9,1.08,1.1
1,2012,100,7402.42,23.4,29.4,2.93,1.14,45.5
1,2012,101,11444.27,22,30.4,2.96,1.1,0
1,2012,102,15751.2,22.6,30,3.02,1,32.6
1,2012,103,17974.6,21.8,26.3,2.84,0.86,0.3
1,2012,104,22295.34,21.2,28.4,2.78,0.95,0
1,2012,105,6997.46,21.8,30.6,3,1.29,5
1,2012,106,25277.73,21.6,32.6,2.92,1.24,4.2
1,2012,107,16987.67,20.8,28.4,2.75,1.24,2.3
1,2012,108,18783.66,21.6,32.2,2.98,1.26,13.9
1,2012,109,20759.25,20.6,32.2,2.99,1.23,1.2
1,2012,110,10684.52,22.2,28,2.57,0.7,0.2
1,2012,111,17776.87,23,29.2,3.02,1.01,9.5
1,2012,112,16909.09,22,31.4,2.95,1.36,0
1,2012,113,8624.22,22.2,31.2,3.07,1.23,0
1,2012,114,13493.25,22.2,29.6,3.03,1.29,0
1,2012,115,25750.04,21.4,32.4,2.93,1.42,0.2
1,2012,116,12596.12,22.4,32.6,2.91,1.2,0
1,2012,117,13912.03,21.8,31.4,2.98,1.28,63.3
1,2012,118,15765.01,20.8,31.4,2.9,1.86,31.2
1,2012,119,16326.26,21.72,32.4,2.88,1.69,5.4
1,2012,120,20553.75,22.4,32.4,2.93,1.51,62.2
1,2012,121,20301.62,21.6,31.6,2.96,1.26,57.2
1,2012,122,16514.49,21.4,31,2.98,0.99,6.6
1,2012,123,11721.44,20.4,28.4,2.76,1.45,0
1,2012,124,15395.45,20.2,29.4,2.81,0.94,0.6
1,2012,125,15425.67,20,30,2.69,1.16,0.8
1,2012,126,22866.95,23.2,27.8,2.99,1.19,31
1,2012,127,9516.17,21.6,30.2,2.9,1.16,7.1
1,2012,128,14280.73,20.8,29,2.81,1.2,3.8
1,2012,129,17020.48,21.6,30.4,2.95,1.05,1
1,2012,130,9037.81,22,30,2.98,0.88,0
1,2012,131,6791.1,21.4,30.2,3,1.23,0
1,2012,132,17305.42,21,30.4,2.87,1,58.2
1,2012,133,15797.3,21,32.2,2.92,1.08,21.1
1,2012,134,15983.2,21.4,30.8,2.96,1.19,0
1,2012,135,19068.27,22,31.8,3.07,1.32,0
1,2012,136,16148.8,23,32,3.03,1.42,3.4
1,2012,137,17567.76,22.4,30.6,3.09,1.49,1.5
1,2012,138,17622.92,22.6,31.8,3.09,1.12,9.8
1,2012,139,11710.26,22.6,29,3.06,1.2,15.4
1,2012,140,13890.2,22.8,29.2,3.06,1.09,0
1,2012,141,14690.24,20.3,29.2,2.77,1.27,30.5
1,2012,142,15625.57,21.4,29.4,2.93,1.58,15.2
1,2012,143,17119.26,21,31.4,2.89,1.16,2
1,2012,144,17578.46,22.6,31.2,3.02,1.49,60
1,2012,145,19476.15,21.2,30,2.88,1.21,29.8
1,2012,146,23006.83,21.4,31.2,3,1.34,0
1,2012,147,15556.92,23,30.2,3.07,1.3,22.3
1,2012,148,20337.88,22,30.2,2.94,1.54,16.2
1,2012,149,6965.51,21.6,25,2.52,1.15,60.4
1,2012,150,16176.88,21.2,32.2,2.92,1.22,0
1,2012,151,12995.04,21.6,32,2.92,1.2,0.4
1,2012,152,14620.93,21,29.4,2.89,1.03,88
1,2012,153,9383.2,21,29.2,2.86,1.03,14
1,2012,154,8350.5,22.2,26.8,2.91,1.3,40.3
1,2012,155,21032.1,20,30.6,2.78,1.08,0
1,2012,156,20514.03,22,31.2,2.97,1.35,0
1,2012,157,19942.42,22.2,31.8,2.99,1.09,0
1,2012,158,17966.83,23,31.6,3.03,1.23,1
1,2012,159,16378.07,22,30,2.98,1.23,6.5
1,2012,160,13883.54,22.05,28.35,2.99,1.57,29
1,2012,161,16960.9,20.4,28.6,2.78,0.91,4.8
1,2012,162,16244.23,21.69,27.8,2.91,1.08,47.9
1,2012,163,13779.06,21.2,28.6,2.82,1.12,2.5
1,2012,164,16255.46,21.4,29.8,2.97,1.04,0
1,2012,165,11923.49,22.2,28.6,2.94,1.15,0.9
1,2012,166,11204.71,22,28.8,2.89,1.3,9.5
1,2012,167,21420.66,21.4,30.6,2.94,1.19,63.9
1,2012,168,16030.09,21.6,25.3,2.77,1.54,10
1,2012,169,23115.63,19,30.3,2.8,0.92,0
1,2012,170,11070.39,19.8,30,2.7,1.15,0
1,2012,171,18863.1,21.6,32.1,3,1.42,0
1,2012,172,23007.69,22.6,31.4,3.13,1.4,1.3
1,2012,173,8548.23,20.4,31.6,2.89,1.23,0
1,2012,174,18826.83,20.6,32.4,3.04,1.29,1.4
1,2012,175,15024.16,20,30.36,2.66,1.25,2.5
1,2012,176,20284.35,19.6,31.4,2.75,1.17,63
1,2012,177,12157.48,19.6,30.2,2.7,1.56,1.6
1,2012,178,10447.84,20.6,31.2,2.67,1.23,42.2
1,2012,179,15020.71,20.6,29.4,2.9,1.34,4
1,2012,180,12937.19,22,30,2.98,1.13,0.5
1,2012,181,19672.16,21.4,30.4,2.96,1.39,12
1,2012,182,12214.47,20.8,29.5,2.89,1.23,8.4
1,2012,183,15793.51,19.8,29,2.62,0.95,0
1,2012,184,13416.41,21.41,30.2,3,1.16,32
1,2012,185,17053.29,19,28.4,2.72,1.17,20
1,2012,186,16448.87,20.4,29.2,2.8,1.31,4.6
1,2012,187,18182.69,22,29.8,3.01,0.91,1.7
1,2012,188,12279.23,21.6,27,2.89,1.18,23.6
1,2012,189,12491.64,21.4,29.4,2.93,1.23,0
1,2012,190,14650.29,22,31.4,2.95,1.18,0
1,2012,191,19118.68,22.8,31.4,3.09,1.06,2.6
1,2012,192,7454.23,22,29.5,2.96,1.22,20
1,2012,193,10429.71,20.72,27.6,2.7,1.09,7.6
1,2012,194,12318.95,22.2,30.6,3.05,1.08,0
1,2012,195,7789.25,23.4,29.4,2.93,0.9,54.4
1,2012,196,12696.28,22,30.4,2.96,1.14,30.5
1,2012,197,18177.51,20.6,29.56,2.9,1.24,40.2
1,2012,198,13698.76,20,29.8,2.61,0.78,0
1,2012,199,16545.58,20.81,27,2.82,0.81,4.6
1,2012,200,12655.7,22.2,29.8,3.06,0.95,13.5
1,2012,201,7260.82,22.2,27.6,2.99,1.37,0
1,2012,202,21712.51,20,29.6,2.84,1.13,0
1,2012,203,21935.28,21.8,28.6,2.83,0.98,0
1,2012,204,16538.67,20.4,30.6,2.84,0.99,13
1,2012,205,14511.18,20.4,28.6,2.78,0.88,14.4
1,2012,206,16506.72,21.97,26.8,2.94,1.44,2.3
1,2012,207,13134.92,21.6,32.4,3.08,1.16,16.4
1,2012,208,13182.41,21,30.2,2.88,1.06,0
1,2012,209,14240.15,23,27.8,2.96,1.29,27.3
1,2012,210,20241.18,21.6,29.2,2.96,1.11,0.5
1,2012,211,11544.43,20.8,29.8,2.89,1.1,2
1,2012,212,23602.62,21.6,26.4,2.79,1.15,7.6
1,2012,213,13282.57,22.2,28.8,2.97,1.5,56.4
1,2012,214,17916.75,20.4,29.6,2.9,0.95,0
1,2012,215,27163.52,22,31.6,2.93,0.96,0
1,2012,216,18229.32,24,31.6,3.02,1.05,29.5
1,2012,217,11264.67,22.3,29.8,3.02,1.34,14.5
1,2012,218,12829.26,22.14,28.6,3.01,0.95,1.8
1,2012,219,19909.61,20.8,30.5,2.94,1.17,0
1,2012,220,14879.97,22.2,31.6,2.93,1.13,0
1,2012,221,8518.01,19.6,31.8,2.82,1.03,0
1,2012,222,9130.2,24.2,30,2.98,0.95,0.3
1,2012,223,18052.78,22.6,32.14,3.12,0.97,1.3
1,2012,224,17142.53,22.2,30.2,2.94,1.07,6.6
1,2012,225,20103.39,21.96,32.4,2.86,1.05,54.6
1,2012,226,15971.45,21.8,30.38,2.92,1.33,18.5
1,2012,227,12816.12,22.2,25.4,2.78,1.02,2.7
1,2012,228,16605.67,20.4,29.6,2.9,0.92,0
1,2012,229,14369.66,22,27.6,2.99,0.93,6.3
1,2012,230,10127.5,20.4,26,2.64,1.41,19
1,2012,231,20219.59,22,32.1,3.01,1.23,0
1,2012,232,19553.86,21.8,32.3,2.96,0.96,0
1,2012,233,10009.2,22.7,28.3,3.03,1.23,8.5
1,2012,234,16334.03,21.6,32.2,2.98,0.99,0
1,2012,235,13459.58,21.4,30.2,3,1.32,7.9
1,2012,236,22514.66,21,32.8,2.88,0.81,0.2
1,2012,237,15959.29,20.6,31.8,2.97,1.15,6.9
1,2012,238,10009.2,20.2,28.6,2.75,1.04,13.1
1,2012,239,12116.9,21.2,30.2,3.03,1.43,14.3
1,2012,240,8835.76,20.8,27.8,2.66,0.99,0
1,2012,241,20510.58,21.4,31.6,2.85,1.22,0
1,2012,242,12837.03,22.8,29,3.03,1.22,32.2
1,2012,243,9746.71,20.8,29,2.72,1.12,0
1,2012,244,11908.81,21.4,29,2.77,1.38,0
1,2012,245,20046.9,20.4,30.8,2.63,1.14,0.8
1,2012,246,11300.93,22.4,30.8,2.96,1.17,3.5
1,2012,247,12415.66,22,28.5,2.72,0.68,0.2
1,2012,248,17780.32,21.6,31.5,2.76,0.28,0
1,2012,249,19572,21.4,31,2.97,1.31,3.3
1,2012,250,14833.34,21,27.8,2.79,1.02,0
1,2012,251,25116.26,22.2,33.4,2.75,1.23,1.6
1,2012,252,16506.72,22.2,33,2.87,1.86,6.5
1,2012,253,24403.04,21.4,33.6,3,1.53,24.6
1,2012,254,20007.18,21.87,33.8,3.12,1.24,0
1,2012,255,17524.74,22.4,30.6,2.81,1.25,0
1,2012,256,13898.22,22.2,30.6,3.02,1.17,8.5
1,2012,257,17970.28,20.6,31.2,2.53,1.35,0
1,2012,258,21942.19,21.8,31.2,2.72,1.57,0
1,2012,259,18452.96,21.4,31.2,3,1.11,0
1,2012,260,19618.62,20.75,32.4,3.16,1.19,0
1,2012,261,11520.25,21.2,27.2,2.73,1.14,3.9
1,2012,262,19072.05,21.6,33.2,3.11,1.3,0
1,2012,263,21672.79,22.6,32.6,2.93,1.42,0
1,2012,264,23522.32,22.6,32.8,3.04,1.52,0
1,2012,265,20784.29,21.4,32.4,3.18,1.64,39.4
1,2012,266,17478.98,21.2,32.4,3.04,1,1.7
1,2012,267,19255.11,22.4,32.4,3.22,1.86,46
1,2012,268,17225.98,21.2,31,3.25,1.31,20.2
1,2012,269,16157.02,22,30,2.79,1.04,0.7
1,2012,270,16093.13,22.4,31.8,2.88,1.06,8
1,2012,271,8385.9,22,28.8,2.82,1.32,0.4
1,2012,272,16326.26,21.6,29.4,2.87,0.9,0
1,2012,273,13919.8,21.6,29.4,2.93,1.21,3.6
1,2012,274,13545.93,22.2,30.2,2.94,1.3,0.2
1,2012,275,21273.87,21.8,31.8,3,1.29,0
1,2012,276,21996.59,22,31.6,2.81,1.52,0
1,2012,277,23378.12,21,33.2,2.52,1.42,42.9
1,2012,278,16161.34,21.4,32.6,3.13,1.31,0
1,2012,279,11839.73,23.2,32.2,3.11,1.2,37.1
1,2012,280,6760.01,21.2,27.6,2.84,1.4,10.2
1,2012,281,15423.08,22.3,32.4,2.97,1.35,48.8
1,2012,282,16031.82,21.8,30,2.86,1.44,0
1,2012,283,24133.64,21.2,32.5,2.91,0.85,0
1,2012,284,22421.41,22,33.2,2.81,1.11,0
1,2012,285,23630.25,21.6,33.6,2.9,1.2,0
1,2012,286,17747.22,21.4,31.6,2.95,1.18,42.2
1,2012,287,23216.65,20.8,31.2,2.86,1.43,0
1,2012,288,12940.64,23.6,31.6,3.2,1.21,12.6
1,2012,289,25050.64,22.2,32.4,2.91,1.52,6.4
1,2012,290,16664.73,22.2,29.4,3.23,1.15,3
1,2012,291,18924.4,22.4,31.2,3.02,1.04,2.7
1,2012,292,8954.06,22.2,31.4,2.93,1.32,16.7
1,2012,293,19844.85,21.4,29,2.85,1.12,0.5
1,2012,294,17629.22,22,30.4,2.96,1.41,10.9
1,2012,295,7271.18,21.96,31,3.1,1.4,21
1,2012,296,16131.98,21.8,30.2,2.93,1.28,0.2
1,2012,297,13797.19,20.8,32,3,1.4,13.3
1,2012,298,21151.26,22.4,30.3,3.03,1.3,0
1,2012,299,11420.09,22.2,32.4,2.92,1.31,1.3
1,2012,300,22788.38,22.4,29,2.99,1.01,0
1,2012,301,22816.87,20.8,33.4,2.87,1.42,0
1,2012,302,18856.19,22,33.8,2.82,1.72,0
1,2012,303,20172.1,21.8,33,2.97,1.49,76.1
1,2012,304,19935.51,21,31.2,2.92,1.43,0
1,2012,305,22153.74,22.8,31.6,3.04,1.51,0
1,2012,306,21852.39,21.4,33.8,3,1.47,0
1,2012,307,16085.35,23,32.4,2.93,1.82,2.2
1,2012,308,15793.25,23.2,32.8,2.93,1.21,2.2
1,2012,309,10929.65,23.4,30.4,3.07,1.31,50.6
1,2012,310,20276.58,21.2,32.61,2.86,1.3,2.7
1,2012,311,16913.41,20,31.6,2.84,0.95,0
1,2012,312,15418.76,21.6,33.2,2.95,1.1,0
1,2012,313,10087.78,22,31.6,2.93,1.21,22
1,2012,314,18643.78,22.2,32.6,2.9,1.02,0
1,2012,315,16905.64,22.2,33.2,2.88,1.13,0
1,2012,316,14750.45,21.6,32.8,2.83,1.61,0
1,2012,317,10149.08,22.2,33.2,2.89,1.71,20.4
1,2012,318,14952.5,22.2,29.4,2.93,1.31,1.8
1,2012,319,17830.4,22.6,31.2,3.02,1.11,1.1
1,2012,320,13538.15,22.8,30.8,3.05,1.35,2.7
1,2012,321,9278.72,22.6,32,3.08,1.48,34.6
1,2012,322,22344.56,21.8,32.2,2.94,1.34,34
1,2012,323,21521.68,22.2,28.8,2.97,1.09,6.5
1,2012,324,19255.11,22,32.8,2.89,1.38,0
1,2012,325,19844.85,23,32.6,3.04,1.38,0
1,2012,326,17505.06,22.8,32,3.08,1.42,0
1,2012,327,18506.4,22.8,31.4,3.09,1.16,0
1,2012,328,17673.94,22.8,32.4,2.98,1.47,0
1,2012,329,16659.15,23.4,33,3.22,1.67,0
1,2012,330,21305,22.4,33.4,2.95,1.94,0
1,2012,331,15135.74,23.4,31,3.08,1.48,0
1,2012,332,18889.8,23.8,32.4,2.79,1.66,0
1,2012,333,16147.64,23.4,32,2.79,1.52,0
1,2012,334,18154.11,23,31.8,3.06,1.27,0
1,2012,335,18154.11,23,31.8,3.06,1.49,0
1,2012,336,16548.34,24,32,2.94,1.35,0
1,2012,337,14962.48,24.4,31.6,3.05,1.31,3.5
1,2012,338,18883.42,23.4,32.2,3.02,1.41,0.3
1,2012,339,14434.64,24,31.6,3.02,1.38,0
1,2012,340,19726.86,24,32.6,2.96,1.32,0
1,2012,341,19509.7,22.2,32.8,2.99,1.35,0
1,2012,342,18082.56,22.8,33.5,2.81,1.12,0
1,2012,343,19612.02,22.8,33.6,2.77,1.07,0
1,2012,344,17973.93,24.6,33.6,2.8,1.14,0
1,2012,345,14833.59,23.6,33.6,2.82,1.04,0
1,2012,346,19273.53,22.8,33.4,2.81,1.1,0.2
1,2012,347,19273.53,22.8,33.4,2.81,1.87,0
1,2012,348,20701.43,22,33.6,2.76,1.66,0
1,2012,349,17586.89,22.6,31.6,3.07,1.71,15.5
1,2012,350,17903.31,22.2,31.8,2.81,2.15,15.4
1,2012,351,19081.1,21.4,31.8,3.01,1.72,0
1,2012,352,18078.27,21.6,32.8,2.83,1.43,0
1,2012,353,16031.97,23,33,2.98,1.51,0
1,2012,354,16377.61,23.6,30.6,2.88,1.48,1.1
1,2012,355,17872.59,22.4,33.2,2.91,1.76,0.5
1,2012,356,18487.88,21.8,32.6,2.85,1.6,0
1,2012,357,23275.32,21.6,32.6,2.92,1.8,0
1,2012,358,11878.08,20.4,28.2,2.73,1,36
1,2012,359,17600.34,20,31,2.89,1.36,0
1,2012,360,16276,20,30.3,2.68,1.22,5.8
1,2012,361,17203.57,19.8,32,2.9,1.51,0.7
1,2012,362,17032.5,22.4,31.2,3.03,1.23,0
1,2012,363,15807.57,23.2,32.3,3.05,1.72,0
1,2012,364,23415.25,21,31.8,2.86,1.7,0
1,2012,365,19899.25,20.8,32.8,2.83,2.11,0
1,2012,366,21546.72,20.8,32.4,2.92,1.83,0
