*-----------------------------------------------------------
*  Station Name: VVME
*  DSSAT Weather file - by https://github.com/jrodriguez88
*  Longitude: -73.475773 -- Latitude: 4.029664 -- Elevation: 315m
*-----------------------------------------------------------
*  Date: 2012-01-01 : 2021-12-31
*
*  Column    Daily Value
*     1      Station number
*     2      Year
*     3      Day
*     4      irradiance         KJ m-2 d-1
*     5      min temperature            oC
*     6      max temperature            oC
*     7      vapor pressure            kPa
*     8      mean wind speed         m s-1
*     9      precipitation          mm d-1
*-----------------------------------------------------------
-73.475773,4.029664,315,0,0
1,2019,1,19331.44,21,32.8,2.37,1.51,0
1,2019,2,16537.91,20,33.4,2.37,1.5,0
1,2019,3,18579.04,23.2,32.8,2.52,1.14,0
1,2019,4,19593.58,23,33.3,2.63,1.37,0
1,2019,5,19528.99,23,34.4,2.73,1.46,0
1,2019,6,17798.07,24.6,33.6,2.73,1.05,0
1,2019,7,18423.4,23.6,35,2.6,1.51,0
1,2019,8,15695.96,24,32,2.73,1.12,0
1,2019,9,15908.02,24.2,31.8,2.76,1.11,0
1,2019,10,14720.68,24.2,31.6,2.76,1.11,0
1,2019,11,19781.47,24,33,2.71,1.08,0.3
1,2019,12,15799.26,24,33,2.91,0.91,0
1,2019,13,19234.91,22,33.8,2.75,1.56,0
1,2019,14,19293.99,22.8,34.2,2.54,1.59,0
1,2019,15,17981.79,23,34.6,2.42,1.35,0
1,2019,16,18039.74,24,34.4,2.44,1.33,0
1,2019,17,17583.38,24.4,34.2,2.78,1.32,4
1,2019,18,17860.65,23.4,33.2,3.36,1.13,9.7
1,2019,19,18247.12,20,33.4,2.94,1.03,5.4
1,2019,20,18107.88,20,33.4,3.06,1.25,0
1,2019,21,19007.64,23.4,32.8,2.69,1.04,0
1,2019,22,16049.95,24.2,34.6,2.74,1.52,0
1,2019,23,19025.78,23.6,33.4,2.61,1.09,0
1,2019,24,16679.4,25.2,34,2.64,1.28,0
1,2019,25,16206.67,24.4,33.6,2.67,1.06,0
1,2019,26,16481.15,24.8,33.6,2.83,0.88,0
1,2019,27,17659.16,24.2,35,2.7,1.02,0
1,2019,28,16504.92,24.8,35.4,2.69,1.06,0
1,2019,29,16903.28,24.4,35.4,2.71,1.09,0.9
1,2019,30,18450.84,24.2,32,3.06,1.32,0.7
1,2019,31,17449.51,24.2,35,2.72,1.51,0.7
1,2019,32,17140.77,23.2,34.6,2.73,1.21,0
1,2019,33,18420.64,23,34.6,2.51,1.17,0
1,2019,34,18458.2,23,36.3,2.45,1.27,0
1,2019,35,16965.02,25,32.8,2.77,0.8,0
1,2019,36,15099.25,24.6,31.8,2.93,0.81,0
1,2019,37,19155,23,32.6,3.14,0.97,0
1,2019,38,19154.16,23.4,35.2,3.07,1.16,0
1,2019,39,17414.38,23.6,35.4,2.69,1.39,0
1,2019,40,17972.78,24,35.3,2.44,1.39,0
1,2019,41,18465.87,24.8,34.6,2.37,1.41,0
1,2019,42,18070.47,23.2,35.2,2.32,1.5,0
1,2019,43,18254.49,23.4,36,2.36,1.46,0
1,2019,44,18209.03,25.2,36.4,2.48,1.15,1.5
1,2019,45,17306.37,23.2,35.4,2.95,1.05,0
1,2019,46,16412.96,23.6,36.8,2.69,1.28,1.2
1,2019,47,14897.54,23.4,35.8,3.01,1.29,0.8
1,2019,48,16079.09,23.2,36.6,3.27,1.57,0
1,2019,49,16679.95,24.4,33.4,2.89,1.01,0
1,2019,50,15661.41,25.2,35.6,2.64,1.59,0
1,2019,51,16974.66,25.4,36.4,2.57,1.67,0
1,2019,52,17032.47,25.4,36.6,2.53,1.46,0
1,2019,53,16802.35,25.6,35.6,2.47,1.18,0.1
1,2019,54,21054.95,21.4,35.6,2.29,1.72,1.6
1,2019,55,19074.38,23,35.64,2.46,1.39,0
1,2019,56,21012.34,22.8,35.6,2.23,1.98,0
1,2019,57,19869.74,21.8,37,2.17,1.89,0
1,2019,58,16657.3,25.4,35.8,2.24,1.73,0
1,2019,59,17745.16,23.8,36.6,2.45,1.5,0
1,2019,60,17107.64,25.8,36.8,2.45,1.14,0
1,2019,61,18582.98,24,38,3.01,1.43,0
1,2019,62,18498.33,23,34.2,3.09,1.07,0
1,2019,63,16874.79,23,35.4,2.7,1.12,0
1,2019,64,17684.61,25.4,34.4,2.61,1,0
1,2019,65,17044.57,26,34.6,2.72,1.14,0
1,2019,66,15037.57,25.2,36,2.94,1.38,0
1,2019,67,18819.05,23.6,35,3.15,1.44,0
1,2019,68,16751.19,21,34,3.06,1.58,4.4
1,2019,69,13377.25,23.4,34,3.85,1.27,52
1,2019,70,12809.41,22,29.4,3.04,1.35,0
1,2019,71,13280.62,22,30.2,2.91,0.92,0
1,2019,72,17401.5,23.6,33.4,2.96,1.24,0
1,2019,73,16711.69,24.4,33.4,2.91,1.36,0
1,2019,74,10448.46,23.8,27.4,3.07,1.27,1.1
1,2019,75,18655.62,23,34.2,2.63,1.03,0
1,2019,76,18589.11,23.2,32.6,2.64,1.47,0.4
1,2019,77,13393.36,24,30.8,3.15,0.99,17.3
1,2019,78,18273.6,23.6,32.4,2.99,1.26,58.5
1,2019,79,15695.36,22,31,2.74,1.23,0
1,2019,80,14734.58,24,31.4,2.63,1.21,0.2
1,2019,81,14738.46,23.2,30.8,2.65,0.94,0
1,2019,82,15376.93,24,30.8,2.88,1.12,0
1,2019,83,16161.02,23,32.3,2.76,0.94,0
1,2019,84,18697.09,23,33.8,2.48,1.05,0
1,2019,85,18225.13,25.2,34.6,2.36,1.17,0
1,2019,86,18906.03,23.6,34.6,2.35,1.05,5.3
1,2019,87,23382.44,22.4,31.8,2.78,1.59,0
1,2019,88,12246.42,23,30.2,2.73,0.8,8.4
1,2019,89,9390.1,22.4,28.2,2.76,1.03,0
1,2019,90,13477.79,24,29.2,3.06,0.93,0
1,2019,91,16535.22,21.8,32.8,2.88,1.13,0
1,2019,92,16804.61,23.4,32.4,2.77,1.28,0.7
1,2019,93,11246.54,24,31.4,2.58,1.22,0
1,2019,94,19924.29,24.8,33.2,2.49,1.45,0
1,2019,95,11181.78,25.6,31.8,2.5,1.16,0
1,2019,96,16517.08,25,35.2,2.63,1.46,0
1,2019,97,17686.2,25,34.4,2.48,1.43,0
1,2019,98,17380.54,23.6,32.4,2.89,1.37,14.2
1,2019,99,16909.09,22.6,31,2.84,0.89,0
1,2019,100,17931.43,23,32.8,3.02,1.32,68
1,2019,101,14750.45,22.4,31.8,2.99,1.09,5.4
1,2019,102,14678.78,23.2,31.4,3.06,1.23,5.4
1,2019,103,10883.02,23,32,3.03,0.74,0.8
1,2019,104,21888.65,21.4,33.2,2.9,1.2,14.3
1,2019,105,10023.02,19.8,29.8,2.72,1.32,2.1
1,2019,106,15333.28,23,31.2,2.96,1.37,5.2
1,2019,107,17074.88,23.2,31.4,2.93,1.32,2.5
1,2019,108,7022.5,21,29.4,3.03,0.96,10
1,2019,109,19974.37,21.4,31.6,2.85,0.84,28
1,2019,110,13873.18,23,31.6,3.27,1.11,35.5
1,2019,111,16628.47,22,31.4,2.93,1.1,10.2
1,2019,112,16847.79,23,30,2.97,1.12,1.7
1,2019,113,19834.49,23.4,32.4,2.85,1.01,24.9
1,2019,114,9886.59,23.2,29.2,2.95,0.93,0
1,2019,115,14754.77,23.4,29.4,2.89,0.94,0
1,2019,116,15113.96,23.2,31,3.12,1.1,30.2
1,2019,117,13290.34,22.8,30.2,3.05,0.94,3.2
1,2019,118,17988.42,22,30.4,2.89,1.12,0
1,2019,119,17240.66,23.2,31.4,2.94,0.97,11.7
1,2019,120,21601.12,22.4,33.2,2.78,1.24,0
1,2019,121,21111.54,22.4,33.4,2.46,1.33,0
1,2019,122,17733.7,24.4,33,2.67,1.07,0
1,2019,123,15100.15,24.4,31,2.93,1.08,13.5
1,2019,124,9429.82,22,31,3.08,1.12,32
1,2019,125,22219.36,19,31.8,2.79,1.26,4.6
1,2019,126,7925.68,23.2,26.4,2.89,0.88,15.8
1,2019,127,21337.77,23.2,32.2,2.96,1.12,14
1,2019,128,14304.9,21.8,30.8,2.9,1.18,5.4
1,2019,129,6648.62,23.2,25.6,2.84,1.03,25.4
1,2019,130,22866.95,21.2,30.8,2.72,0.92,0
1,2019,131,16553.35,23,32.6,3.15,1.22,5.5
1,2019,132,16593.07,23.2,31.4,2.93,1.28,64
1,2019,133,13210.9,22.2,31.2,3.18,1.83,19.8
1,2019,134,11319.24,22.2,28.6,2.99,1.17,34.4
1,2019,135,21485.42,21.2,30,2.66,0.79,35
1,2019,136,18197.37,22.2,30.6,2.94,1.2,27.2
1,2019,137,13962.98,22.4,29.2,2.94,0.98,0.2
1,2019,138,14265.19,23,29.2,2.88,0.98,12
1,2019,139,13128.01,22,30,2.89,1.14,0
1,2019,140,8609.54,23.69,27.8,2.98,0.98,5.7
1,2019,141,10811.35,21,29.4,2.77,0.79,0.2
1,2019,142,17391.77,21.8,31.2,2.86,0.75,0
1,2019,143,8397.13,22.4,27,2.72,1,34
1,2019,144,21061.46,21.2,31,2.84,1,0.4
1,2019,145,16211.42,23,30.4,3.02,1.04,0
1,2019,146,19507.24,21.6,31.4,2.76,1.07,0
1,2019,147,12664.33,21.4,27.8,2.79,1.03,38
1,2019,148,14552.72,21.6,30.2,2.85,0.81,0
1,2019,149,10476.33,22.4,30.8,2.95,0.96,0
1,2019,150,13750.56,22.4,31.8,3,1,7.6
1,2019,151,16578.39,22,30.8,2.84,0.93,2.1
1,2019,152,8789.14,23,27.6,2.91,1.03,25.5
1,2019,153,15207.22,21.2,30.6,2.78,0.72,49.3
1,2019,154,13074.48,21.8,29.4,2.82,1.29,0
1,2019,155,11329.43,21.6,31,2.9,1.23,45
1,2019,156,18700.77,20.2,30.4,2.62,0.9,2.6
1,2019,157,13290.51,22.8,25,2.77,0.97,68
1,2019,158,17661.16,20.2,30.2,2.66,0.73,0
1,2019,159,15841,22,30.2,2.78,0.98,1
1,2019,160,12433.79,22,30.4,2.84,0.81,18.8
1,2019,161,6738.42,22.2,25.2,2.73,0.86,13.8
1,2019,162,9944.44,21.4,29.8,2.93,0.9,31
1,2019,163,10271.69,20.6,28.6,2.68,0.88,1.5
1,2019,164,7173.61,21.4,29.2,2.89,0.83,29
1,2019,165,16675.1,21.8,29.6,2.88,0.78,13.5
1,2019,166,13279.12,22,33.2,3.36,1.3,1.4
1,2019,167,14671.87,21.8,31.2,3.05,0.82,2.6
1,2019,168,7285.86,22.2,26.4,2.76,1.01,6
1,2019,169,12433.79,22.2,28.4,2.76,0.73,0.7
1,2019,170,11674.81,22.8,29.8,2.89,0.81,2.6
1,2019,171,11102.34,22.4,30,3.05,0.94,9.6
1,2019,172,8652.71,22.2,29,2.93,0.93,2.5
1,2019,173,7126.98,22.4,26.3,2.78,0.93,24.7
1,2019,174,9080.99,21.6,27.8,2.78,0.86,4
1,2019,175,10957.56,21,26,2.68,0.84,20.8
1,2019,176,13088.29,19.6,28.6,2.58,0.81,0
1,2019,177,11635.09,22.6,31.4,3.05,1.06,1.5
1,2019,178,19585.81,21.4,32,2.56,1.24,0.1
1,2019,179,12081.5,23.8,32,2.97,0.81,0
1,2019,180,6803.18,22,31.8,3.26,1.06,0.9
1,2019,181,10188.8,20.6,32,3.11,1.34,10.7
1,2019,182,13239.83,20.2,32,3.3,0.8,62
1,2019,183,11538.26,20,25.8,2.62,0.87,22.2
1,2019,184,18911.06,21.2,31,2.8,1.3,0
1,2019,185,21413.75,21.8,31.6,2.68,1.05,0
1,2019,186,10995.98,22.4,29.2,2.86,1.33,32.9
1,2019,187,13229.9,20,31.8,2.62,1,0
1,2019,188,13792.07,22,29.1,2.89,1.12,49.5
1,2019,189,15120.14,20,29.9,2.59,1.29,0
1,2019,190,11100.18,21.2,28.1,2.71,1.43,35.1
1,2019,191,15880.62,20.4,29.2,2.65,0.9,2.4
1,2019,192,6475.93,21.8,29.4,2.68,0.9,0
1,2019,193,12228.29,22.8,34,3.23,0.78,1.8
1,2019,194,10289.83,21.8,28.8,2.88,1.16,17.6
1,2019,195,18264.39,21,30.6,2.81,1.09,3
1,2019,196,19193.26,21.4,31.4,2.68,1.19,7.5
1,2019,197,13505.06,21.2,27.2,2.76,1.25,12.2
1,2019,198,21292.87,20.2,30.4,2.61,0.62,16.5
1,2019,199,15871.65,22.2,30.8,2.8,1.28,1.6
1,2019,200,19390.85,22,32,3,0.86,17.2
1,2019,201,15743.65,21.6,30.3,2.86,1.18,4.4
1,2019,202,15248.43,21.6,30,2.79,1.01,3
1,2019,203,14420.78,22.4,29.8,2.87,0.99,4.5
1,2019,204,12491.64,20.6,27.4,2.69,1.22,17.2
1,2019,205,25978.85,20.8,30.4,2.7,0.76,0.3
1,2019,206,14814.34,22.6,30.4,3.04,1.19,11.2
1,2019,207,13980.55,21,30.2,2.81,1.02,2
1,2019,208,17544.81,20,30.3,2.6,0.84,28.5
1,2019,209,7064.81,22,30.2,2.92,1.03,4.7
1,2019,210,18264.72,21.4,30.6,2.64,0.87,0
1,2019,211,15761.56,22.2,30.2,2.56,0.82,0
1,2019,212,15721.84,22.6,30.6,2.66,0.78,2.1
1,2019,213,16981.62,22.4,31.2,2.76,0.82,3
1,2019,214,12883.65,22.2,32,3.07,0.93,28
1,2019,215,14004.65,22,28.4,2.86,0.94,24.6
1,2019,216,14302.09,21.6,26.4,2.56,1.33,14.2
1,2019,217,20671.18,19,27.4,2.42,1.03,0
1,2019,218,25506.54,19.6,29,2.4,0.6,0
1,2019,219,16641.61,21.6,31,2.48,0.8,0
1,2019,220,9325.34,22,29.97,3.03,1.08,10.3
1,2019,221,26576.37,21,31.4,2.64,0.75,10.5
1,2019,222,13051.27,21.2,28.6,2.83,1.09,4.6
1,2019,223,15570.73,22,30.4,2.94,1.05,9.2
1,2019,224,18011.49,22.2,31.8,2.97,1.06,1.3
1,2019,225,15179.59,22.6,25.4,2.78,1.14,22
1,2019,226,10202.35,21.6,25,2.63,0.97,11.6
1,2019,227,14204.68,19.6,32.08,3.16,0.94,0
1,2019,228,12948.9,21,26,2.55,0.72,1.1
1,2019,229,14117.53,21.4,31,2.86,0.82,0
1,2019,230,9627.55,19,31.2,2.52,0.79,51.2
1,2019,231,14852.21,21.57,30.57,3.17,1.2,15.2
1,2019,232,16081.9,19,31,2.68,1.16,0
1,2019,233,20462.53,21.2,33,2.59,0.84,5
1,2019,234,14635.61,20.4,31,2.71,1.07,37
1,2019,235,16026.51,22,30,2.97,0.81,19.5
1,2019,236,8365.18,21,30.2,2.72,1.05,0
1,2019,237,17524.95,21,32,2.71,0.71,32.9
1,2019,238,11224.95,20.2,30.4,2.64,1.15,0
1,2019,239,15389.34,21,29.8,2.78,0.91,1.2
1,2019,240,14367.95,22.4,30.4,3.03,1.02,5.1
1,2019,241,13700.48,22,32.2,2.93,0.79,0
1,2019,242,18790.94,22.4,33,2.84,1.02,0
1,2019,243,13066.34,23,30.2,3.07,0.94,0
1,2019,244,14937.82,22.2,33.2,2.89,1.12,6.6
1,2019,245,18401.39,22,32.8,2.73,0.95,0
1,2019,246,19435.35,22,32.4,2.76,1.11,1.1
1,2019,247,7447.32,23,31.6,2.81,0.83,0
1,2019,248,17045.9,23.2,32.2,2.82,1.15,0.4
1,2019,249,18945.31,21.2,32.4,2.9,1.11,45
1,2019,250,20303.31,22,32.4,2.8,1.01,0
1,2019,251,16909.55,22.4,32.6,2.63,1.25,0.2
1,2019,252,18429.24,22,31.6,2.83,1.05,0
1,2019,253,16513.77,22.8,32.6,2.75,0.9,1.7
1,2019,254,19030.54,21.2,32.8,2.82,1.12,60
1,2019,255,18979.61,21.6,31.8,3.07,1.57,0
1,2019,256,17668.34,21.6,32.4,2.89,1.11,14.7
1,2019,257,15390.1,22.2,31,2.91,1.07,0
1,2019,258,17250.64,21.8,32.6,2.79,0.98,0
1,2019,259,18940.69,22,32.4,2.63,0.84,0
1,2019,260,16463.93,23.2,32,3.17,1.32,0
1,2019,261,18891.07,22.2,32.6,2.99,0.94,0
1,2019,262,15230.18,23.2,33,3.01,0.88,25.4
1,2019,263,11903.73,20.4,31.48,3.25,1.26,28.4
1,2019,264,12249.7,21,27.2,2.62,1.02,0.2
1,2019,265,18415.64,21,32.2,2.68,0.95,0
1,2019,266,9356.7,22.6,26,2.65,1.13,0
1,2019,267,15555.99,22,31,2.91,1.14,1.5
1,2019,268,18516.8,22.6,32.2,3.13,1.08,1.9
1,2019,269,19854.93,22.2,32.4,2.79,0.83,0
1,2019,270,12671.24,22.4,28.2,2.87,1.02,1.9
1,2019,271,18846.55,21,32.4,2.86,0.85,2.8
1,2019,272,16297.76,21.4,31.8,3.01,1.2,0.6
1,2019,273,17631.99,23,32,2.82,1.05,0
1,2019,274,16755.39,22.8,32.6,2.74,0.86,0
1,2019,275,17757.96,22.8,33.2,2.92,1.44,39.4
1,2019,276,12319.67,21,27.8,2.74,1.28,1.5
1,2019,277,19187.19,20.6,31.4,2.65,0.79,0
1,2019,278,15561.39,22.2,31,2.76,1.08,0
1,2019,279,18489.14,21.8,32.2,2.7,1.29,11
1,2019,280,12055.6,21,32,2.78,1.42,0
1,2019,281,12637.89,22.4,28.6,2.97,1.3,11.7
1,2019,282,20337.88,19.6,31,2.72,0.93,0
1,2019,283,21561.4,22.2,31.6,3.13,0.98,17.4
1,2019,284,15254.71,21.8,28.6,2.65,0.81,1.5
1,2019,285,6857.58,23,27.4,2.93,1.07,26
1,2019,286,22378.23,22.2,31.4,2.76,0.84,1
1,2019,287,20183.32,21.6,32,2.64,0.97,0
1,2019,288,12498.55,21.6,30.4,3.03,0.93,4.5
1,2019,289,15329.83,21.8,29.8,2.82,0.88,0
1,2019,290,20769.61,21.6,31.6,2.65,0.76,0
1,2019,291,12397.53,22.8,29.4,2.94,0.88,0.3
1,2019,292,21071.82,22.4,32,2.82,0.88,0.4
1,2019,293,9793.34,22,29,2.85,0.95,0
1,2019,294,21589.9,21.8,31.4,2.77,0.94,0
1,2019,295,10831.21,22.6,29.2,2.94,0.92,35
1,2019,296,9994.52,21.6,30.6,2.92,1.46,1.7
1,2019,297,17173.92,22,31.2,2.81,1.15,20.7
1,2019,298,15193.4,21.6,30,2.95,1.07,2.6
1,2019,299,19085.48,21.8,31.6,2.72,0.91,0
1,2019,300,10361.49,21.4,31.6,2.67,0.89,1
1,2019,301,12412.21,22,31.2,2.91,0.97,0
1,2019,302,22881.63,22.8,32.4,2.78,1.16,9.8
1,2019,303,18866.55,22,32.8,3.03,1.12,1.7
1,2019,304,8779.43,23,26.6,2.88,1.23,8.4
1,2019,305,16330.6,21,31.2,2.74,0.97,3.4
1,2019,306,20855.96,21.6,31.2,3.21,1.02,28.5
1,2019,307,22054.44,21,31,2.74,1.02,0
1,2019,308,20679.81,22,32.2,2.88,1.45,1.3
1,2019,309,20251.54,23.4,32.8,2.94,1.29,0
1,2019,310,11836.28,23.8,31.4,3.16,1.33,1.5
1,2019,311,14884.28,21.8,31.4,3.03,1.07,0
1,2019,312,16118.17,23.2,31.6,2.81,1.2,0
1,2019,313,7324.71,23,30.4,3.17,1.13,19.3
1,2019,314,12975.18,22,31.6,3.06,1.2,0
1,2019,315,16714.55,22,32,2.89,1.32,33.3
1,2019,316,13697.92,21,28.4,2.79,1.08,10.2
1,2019,317,16429.98,22.4,30.4,2.98,0.95,0
1,2019,318,22316.93,23.2,32.4,2.92,1.14,0
1,2019,319,15088.92,24.2,31,3.26,1.35,25.5
1,2019,320,19143.72,22.8,31.2,3.16,1.04,9.5
1,2019,321,20384.51,22,31.6,2.96,1.08,8.3
1,2019,322,9537.75,23,28.8,3.08,0.76,18
1,2019,323,20158.28,22.4,31.8,2.96,1.08,19.4
1,2019,324,12034.87,22,29.8,2.9,1.25,1.8
1,2019,325,16088.81,24,31.8,3.12,0.89,0
1,2019,326,19668.7,22.8,31.4,3.08,1.26,0
1,2019,327,13619.32,22.8,31,3,1.6,7
1,2019,328,21305.82,22.4,32.2,2.85,1.09,0
1,2019,329,17322.69,22.8,30.2,2.84,1.29,0
1,2019,330,16301.22,23,31.2,2.94,1,15.6
1,2019,331,17423.71,21.2,31.6,2.9,1.54,0
1,2019,332,21244.51,23,32,2.95,1.09,0
1,2019,333,14024.28,23,31.6,2.84,1.2,0
1,2019,334,19582.36,22,31.8,3,1.42,1
1,2019,335,21424.11,23,32.4,2.65,1.32,0
1,2019,336,17553.23,24,31.4,2.87,0.75,1
1,2019,337,20557.2,23,32.2,2.82,1.16,0
1,2019,338,20715.21,22.6,32.8,2.54,1.24,0
1,2019,339,18136.07,23.4,32.2,2.73,1.37,0
1,2019,340,20870.64,23.4,32.6,2.72,1.23,0
1,2019,341,21424.11,23.2,32.8,2.78,1.19,0
1,2019,342,16434.19,23,30.2,3.11,1.11,49.2
1,2019,343,21471.6,21.6,32,2.67,1.36,0
1,2019,344,18286.31,21.4,32.4,2.61,1.3,0
1,2019,345,18913.18,22,32,2.63,1.22,0
1,2019,346,17441.85,22.8,29.8,2.71,1.04,0
1,2019,347,17236.34,24,30.2,2.75,1.06,0
1,2019,348,16485.14,23.2,32,2.78,0.85,0
1,2019,349,16916.86,22,31.6,2.8,1.23,0
1,2019,350,11623.87,21.6,30.4,2.78,1.22,5.5
1,2019,351,18298.4,22.2,32.2,2.83,0.95,0
1,2019,352,15862.58,22.2,32.2,2.69,1.28,0
1,2019,353,18769.84,22.4,32.4,2.59,1.08,0
1,2019,354,16283.09,24.2,31.8,3.1,1.08,12.7
1,2019,355,16563.71,22.4,32.6,3.15,1.08,0
1,2019,356,12855.16,19,32,2.58,1.08,0
1,2019,357,13200.54,23.6,32,2.88,1.07,3
1,2019,358,13506.21,22.6,31,2.85,1.1,0.3
1,2019,359,11509.03,23.8,30.2,3.07,0.96,25.5
1,2019,360,14383.48,22.4,31.8,3.04,0.83,0
1,2019,361,7601.88,23.6,29.6,3.05,0.73,0
1,2019,362,11681.72,22.6,31.2,2.83,0.74,0
1,2019,363,13433.68,22.6,31.6,2.87,1.08,0
1,2019,364,20603.83,22.4,31.6,2.89,0.86,0
1,2019,365,20722.99,22,32.2,2.61,0.88,0
