*-----------------------------------------------------------
*  Station Name: VVME
*  DSSAT Weather file - by https://github.com/jrodriguez88
*  Longitude: -73.475773 -- Latitude: 4.029664 -- Elevation: 315m
*-----------------------------------------------------------
*  Date: 2012-01-01 : 2021-12-31
*
*  Column    Daily Value
*     1      Station number
*     2      Year
*     3      Day
*     4      irradiance         KJ m-2 d-1
*     5      min temperature            oC
*     6      max temperature            oC
*     7      vapor pressure            kPa
*     8      mean wind speed         m s-1
*     9      precipitation          mm d-1
*-----------------------------------------------------------
-73.475773,4.029664,315,0,0
1,2013,1,20514.03,21.6,32.4,3.08,1.68,0
1,2013,2,21981.91,21.8,32.2,2.94,1.55,0
1,2013,3,19442.48,22.6,32.2,3.09,1.58,0
1,2013,4,16430.74,22.8,32,3.08,1.49,0
1,2013,5,20287.8,22.6,32.2,3.09,1.46,0
1,2013,6,21798.85,21.8,32.4,2.83,1.63,0
1,2013,7,21938.73,21.2,32.8,2.92,1.88,0
1,2013,8,15859.13,21.8,32.2,2.94,1.57,0
1,2013,9,9501.49,24.21,32.4,2.6,1.46,0
1,2013,10,18398.56,23,32,3.03,1.55,0
1,2013,11,21568.31,21.6,32.4,3.08,1.72,0
1,2013,12,19668.7,21.4,31.6,2.94,1.54,0
1,2013,13,19924.29,21.2,31.8,3.04,1.41,0
1,2013,14,14711.59,20.8,31.2,2.91,1.14,0
1,2013,15,20773.07,21.6,32.8,2.83,1.85,0
1,2013,16,18225.87,24,33,2.79,1.49,0
1,2013,17,19265.47,23.8,32.6,3,1.48,0
1,2013,18,19917.38,24.2,33.6,2.92,1.61,0
1,2013,19,14499.18,24.2,34,2.92,1.41,0
1,2013,20,13297.25,23.2,32.4,2.66,1.26,1.4
1,2013,21,20280.9,23.6,34.6,2.73,1.35,0
1,2013,22,19236.98,24.2,34.8,2.66,1.6,0
1,2013,23,17020.48,24.8,33.6,2.69,1.38,0
1,2013,24,20827.46,24.6,33.3,2.89,1.33,0
1,2013,25,21392.17,23.4,34.3,2.83,1.61,0
1,2013,26,20741.12,23.2,34.2,2.78,1.76,0
1,2013,27,20913.81,23.6,34.4,2.69,1.71,0
1,2013,28,21579.54,22.8,35.1,2.87,1.61,0
1,2013,29,21212.57,23.2,35,2.81,1.81,0
1,2013,30,21108.09,22.6,35.2,2.98,1.59,0
1,2013,31,19654.03,24.4,34.2,2.46,1.46,0
1,2013,32,21428.43,25,34.6,2.65,1.57,0
1,2013,33,17197.49,23.8,34.2,2.63,1.68,0
1,2013,34,15470.57,23.4,34.6,2.76,1.5,0
1,2013,35,14059.68,23.8,35,2.48,1.54,0
1,2013,36,9771.75,24.6,34.2,2.81,1.41,0
1,2013,37,16423.83,23.6,31.6,2.53,1.33,0
1,2013,38,13667.67,22.2,34.2,2.53,1.61,0
1,2013,39,16258.05,24.4,34,2.55,1.87,0.3
1,2013,40,12570.22,23,32.2,2.75,1.47,0
1,2013,41,18730.13,24,31,2.76,1.75,0.9
1,2013,42,17953.01,23.8,32,2.45,1.71,0
1,2013,43,15527.56,23.8,32.4,2.44,1.66,0
1,2013,44,22460.26,24.2,32.4,2.34,1.5,0
1,2013,45,21842.03,21,35.8,2.34,1.83,0
1,2013,46,24450.53,22.6,35.6,2.26,1.44,0
1,2013,47,22097.61,24.2,34.5,2.76,1.34,8.2
1,2013,48,20042.58,22.6,34.95,3.64,1.15,2.8
1,2013,49,15977.42,22.2,31.8,3,1.06,2.5
1,2013,50,7922.22,24.2,32.6,2.65,1.46,0
1,2013,51,18730.13,23.6,33.6,2.7,1.84,0
1,2013,52,17988.42,23.6,32.2,2.8,1.38,0
1,2013,53,13189.32,24.4,33.6,2.65,1.35,0
1,2013,54,17111.14,22.2,35,3.08,1.58,12.2
1,2013,55,8619.9,23,33.8,3.18,1.29,0.5
1,2013,56,19375.45,22.6,34.8,2.81,1.83,0
1,2013,57,15092.38,23.8,34.8,2.52,1.39,0
1,2013,58,7972.31,24.8,30.2,2.91,1.32,2.5
1,2013,59,16438.51,23,31,3.23,1.33,5.7
1,2013,60,10509.14,22.8,32.6,2.98,1.19,0
1,2013,61,20017.54,23.6,35,2.85,1.43,0
1,2013,62,21075.28,24.6,34.8,2.6,1.27,0
1,2013,63,19283.6,24.2,29,2.9,1.04,95.4
1,2013,64,13786.83,22.46,33.2,2.95,1.17,3.3
1,2013,65,17466.89,22.2,33,2.77,1.16,0.3
1,2013,66,10613.62,23,33.2,2.7,2.05,0
1,2013,67,11433.91,24,33,2.94,1.25,8.1
1,2013,68,14948.18,23.2,32.8,3.2,1.25,0
1,2013,69,14052.77,23.2,32.8,2.79,1.21,0.7
1,2013,70,6612.36,21.8,34.8,2.55,1.44,3.2
1,2013,71,14801.39,23.4,28.4,2.99,1.02,28.2
1,2013,72,8817.63,22.4,34.2,3.14,1.74,0
1,2013,73,16175.15,24.2,31.6,2.96,1.65,0
1,2013,74,9119.84,24.6,33,2.83,1.36,0
1,2013,75,18592.84,24.3,31.9,3.05,1.33,1.8
1,2013,76,17661.16,23,29.2,3.11,1.38,11.6
1,2013,77,7576.84,23.2,26.6,2.9,1.09,5.3
1,2013,78,14552.72,22.8,32.8,3,1.3,2.8
1,2013,79,15984.33,24.6,33.4,3.25,1.25,0
1,2013,80,14851.47,26,32.2,3.06,1.91,0
1,2013,81,10915.83,25,30.2,3.19,1.5,20.8
1,2013,82,10516.05,22.6,32.52,3.72,1.08,28
1,2013,83,17276.06,20,32.2,2.81,1.27,2.2
1,2013,84,15362.64,19.8,32.4,2.76,1.53,0
1,2013,85,9803.7,20,33.1,2.54,2.33,0
1,2013,86,21622.71,21.8,34.4,2.43,2.49,0
1,2013,87,17301.97,23,29.4,2.82,1.52,0.5
1,2013,88,9234.68,22.2,31.6,3,0.95,0
1,2013,89,12628.07,22,32,2.88,1.01,23
1,2013,90,21212.57,22.2,31.8,3.03,1.24,0
1,2013,91,7731.4,21.8,32.6,2.73,1.14,0
1,2013,92,12207.57,24,29.8,2.8,1.16,0
1,2013,93,18662.05,23.2,32.6,2.68,1.7,0
1,2013,94,13009.72,23.6,33.6,2.91,1.3,0
1,2013,95,9807.15,24.4,33.6,3,1.2,0
1,2013,96,10829.49,24.54,34.6,2.82,1.57,0
1,2013,97,21514.78,24.2,34.2,3.05,1.4,0
1,2013,98,17081.78,23.8,29.2,3.13,1.34,20
1,2013,99,8335.82,22.6,33.6,3.1,1.2,0
1,2013,100,17172.45,22.4,33.6,2.96,1.52,0
1,2013,101,15829.77,25.8,33.2,2.87,1.73,0
1,2013,102,14099.4,24.6,34.2,3.03,1.41,0
1,2013,103,19280.15,23.4,35,3.06,1.02,40
1,2013,104,14879.97,22.2,31,3.1,1.88,6.8
1,2013,105,14150.35,21.8,29,2.98,1.44,8.4
1,2013,106,16366.84,21.4,30.8,2.78,1.01,21.6
1,2013,107,18452.85,22.4,31.6,2.93,1.27,34.2
1,2013,108,17175.43,21,30.6,2.96,1.53,17.6
1,2013,109,10286.88,21.8,27.2,2.9,0.91,33.4
1,2013,110,14990.31,21.8,30.4,2.83,1.14,7.7
1,2013,111,16867.41,21.2,30.4,2.86,1.2,1.5
1,2013,112,17954.3,21,30,2.88,1.17,33.4
1,2013,113,13781.59,21.6,29.8,2.97,1.5,24.5
1,2013,114,15665.19,22,31,2.93,1.3,0
1,2013,115,17232.52,22.4,31.6,2.64,1.64,0
1,2013,116,17436.96,22.2,32.6,2.66,1.31,0
1,2013,117,16506.36,23.5,32.6,2.84,1.36,0
1,2013,118,17519.83,23.3,32.8,3.17,1.75,118
1,2013,119,9700.76,21.6,26.6,2.92,1.04,22.4
1,2013,120,17856.14,22,32,2.94,1.19,45.3
1,2013,121,18823.98,22.2,32.2,3.19,1.12,2
1,2013,122,11022.75,24,26.6,3.01,0.97,48.4
1,2013,123,16467.35,22.2,32,3.09,1.33,3.5
1,2013,124,16649.2,23.2,32.3,3.28,1.41,14.5
1,2013,125,12566.24,22.6,31,3.47,0.89,17.5
1,2013,126,16234.83,21.6,30.8,2.89,1.14,30.3
1,2013,127,12869.25,22.66,31.26,3.38,1.21,15.2
1,2013,128,15787,22.4,31,2.93,1.47,62.7
1,2013,129,11417.51,22.2,27.2,2.87,0.87,18.2
1,2013,130,18483.1,21.4,31.6,2.95,1.19,0
1,2013,131,18479.07,24,32.6,2.87,1.73,0
1,2013,132,15125.23,23,31.5,2.68,1.29,0
1,2013,133,16862.43,24.4,32.6,3.29,1.08,1.3
1,2013,134,14930.48,23.4,31.8,3.06,1.2,1.9
1,2013,135,12220.06,23.6,28.8,2.96,1.06,3.4
1,2013,136,16012.09,23,31.2,2.91,1.3,34.6
1,2013,137,13723.28,22.2,29.8,2.91,0.98,1
1,2013,138,16638.39,22.6,31.8,2.98,1.17,0
1,2013,139,12274.63,22.6,27.8,2.89,1.01,6.5
1,2013,140,15197.87,22.8,29.6,3.09,1.07,40.6
1,2013,141,13811.3,22.2,29,2.97,0.94,14.9
1,2013,142,15281.93,21.8,30.6,3,1.02,13
1,2013,143,13157.49,23.2,29.6,3.15,1.12,14.1
1,2013,144,13334.42,22.2,31.31,3.04,1.49,1
1,2013,145,19302.14,22.3,32.3,3.06,1.76,22.3
1,2013,146,11285.68,21.4,27.6,2.85,1.4,38.2
1,2013,147,15756.56,20.2,30,2.73,0.94,0.3
1,2013,148,15720.92,21.4,30.6,2.94,1.01,0
1,2013,149,14100.78,23,30.6,2.86,1.07,0
1,2013,150,15005.17,23.2,31.6,3.04,1.61,54.2
1,2013,151,20111.9,21,31.6,2.83,0.98,2
1,2013,152,18222.23,22.2,31.6,2.93,1.47,2
1,2013,153,17622.92,22.6,31.8,3.09,1.34,5
1,2013,154,16672.23,22.8,31,3.01,1.12,10.3
1,2013,155,13585.15,21.2,31.2,2.95,1.1,0
1,2013,156,15757.31,22.8,31.2,3.1,1.16,0
1,2013,157,11188.53,22.4,25.6,2.87,1.18,68.8
1,2013,158,11081.63,21.6,27.6,2.89,0.97,9
1,2013,159,15013.27,22,30,2.98,1,0
1,2013,160,18445.27,21.4,31.4,3.02,1.29,11
1,2013,161,14769.2,21.4,28.2,2.82,0.99,5.9
1,2013,162,18214.83,21,30,2.89,1.16,70.5
1,2013,163,11005.84,22.2,26.8,2.91,1.14,35
1,2013,164,14252.85,21.6,29.6,2.99,0.84,7.5
1,2013,165,12569.86,21.4,27.4,2.8,1.06,0.2
1,2013,166,17436.04,21.2,28.4,2.78,1.45,8.1
1,2013,167,16675.37,21.2,31.6,3.01,1.18,29.4
1,2013,168,17902.29,21,31.8,2.86,1.27,0.2
1,2013,169,9201.07,23.4,26.4,2.89,0.91,10.5
1,2013,170,18653.88,21.6,31.4,2.8,0.95,25.6
1,2013,171,15720.92,21.4,30.6,2.94,0.99,0
1,2013,172,17245.97,20.2,30.6,2.79,1.25,0.7
1,2013,173,19301.76,22,32.1,3.01,1.18,0.1
1,2013,174,17578.02,23,31.6,3.03,1.22,2.6
1,2013,175,19109.57,22.8,30.6,3.11,1.4,8.3
1,2013,176,14367.95,22.4,30.4,3.03,1.29,0
1,2013,177,18258.68,22,30.8,2.95,0.89,0.1
1,2013,178,17370.18,23,32.8,3.02,1.07,0
1,2013,179,15085.47,22,31.2,2.97,0.89,0
1,2013,180,19769.73,21.8,31.8,3.02,1.39,0.4
1,2013,181,11243.08,21.8,31,3.06,1.1,7.1
1,2013,182,17035.77,21.3,30.8,2.93,1.15,32
1,2013,183,18060.95,22.06,30,3.01,1.37,0
1,2013,184,21140.04,22.2,31.2,3.07,0.75,0
1,2013,185,21312.73,21.4,31.4,3.02,0.68,8.2
1,2013,186,12091.08,21,27.4,2.74,0.93,8.6
1,2013,187,17679.3,20.8,29,2.81,1.09,0
1,2013,188,21981.91,21,31.2,2.92,1.42,0
1,2013,189,19740.37,20.6,31,2.82,1.04,15.1
1,2013,190,11404.55,20.8,29.4,2.89,0.87,27
1,2013,191,14718.5,20.8,28.4,2.75,1.15,11.1
1,2013,192,15595.77,21.8,29.6,2.99,1.26,28.7
1,2013,193,11419.23,20.8,30.4,2.88,1.29,0
1,2013,194,9451.41,20.4,30.4,2.86,1.06,0.8
1,2013,195,18391.65,22.2,31.2,3.07,1.12,39.6
1,2013,196,13376.69,20.8,28.2,2.72,1.12,2.6
1,2013,197,10980.59,21.2,28.4,2.78,1.34,12.5
1,2013,198,13735.89,21.6,30,2.95,0.95,0
1,2013,199,16574.93,22,30.2,2.94,1.15,30.4
1,2013,200,13833.72,20,25.4,2.47,1.11,28.2
1,2013,201,11278.49,20.3,28.1,2.7,0.81,65.3
1,2013,202,16625.02,20.2,30,2.73,1.17,2
1,2013,203,21089.96,19.4,31.6,2.82,0.96,1.8
1,2013,204,8679.14,22,25.6,2.85,1.27,21.5
1,2013,205,21759.14,19.8,30.4,2.73,1.24,0
1,2013,206,9174.24,22,27.4,2.93,1.14,22.3
1,2013,207,7709.81,20.2,29.44,2.81,1.01,2
1,2013,208,12958.77,20.1,27.3,1.63,1.01,1.8
1,2013,209,9944.44,20,29.6,2.86,0.76,7
1,2013,210,14930.91,20,30.2,2.7,0.68,0.3
1,2013,211,14178.84,21.8,30,2.85,0.82,0.3
1,2013,212,15527.56,21.6,30.6,2.88,0.93,0
1,2013,213,13538.15,21.4,29.4,2.98,1.18,33.2
1,2013,214,10217.3,21.4,29,3.05,0.92,5.6
1,2013,215,19485.65,21,31.2,2.87,0.87,0
1,2013,216,7925.68,22,30.8,3.28,0.97,27.4
1,2013,217,18967.58,20.6,31.4,2.86,0.89,25.5
1,2013,218,17474.66,21.4,31.4,3.02,0.81,11.5
1,2013,219,7145.11,22,25.4,2.83,1.09,24.3
1,2013,220,18924.4,21.4,31.2,2.94,1.12,0
1,2013,221,10775.09,22.2,30.6,3.06,1.16,14.2
1,2013,222,9933.22,22.2,28.8,3.04,1.12,39
1,2013,223,8385.9,22.6,30.8,3.29,0.82,51
1,2013,224,23169.16,21.4,30.8,2.98,1,1.6
1,2013,225,11437.36,22.2,30.8,3.25,0.82,0
1,2013,226,19701.52,22.8,31.6,3.16,0.81,7.5
1,2013,227,13343.88,21.4,31.6,3.15,1.08,15.7
1,2013,228,17883.94,21.2,31.8,3.12,1.04,0
1,2013,229,11196.46,21.8,27.4,2.76,1.15,3.1
1,2013,230,13919.8,21.6,30.2,2.97,1.02,0
1,2013,231,12483.87,21.2,29.2,2.89,1.03,10.4
1,2013,232,14632.15,22.4,30.2,3.06,1.38,0.1
1,2013,233,14700.37,22.2,30,3,1.04,1.7
1,2013,234,23813.3,21.8,32,3.04,1.17,13.5
1,2013,235,21601.12,21,31.4,2.89,1.33,0
1,2013,236,12314.63,22.2,30.6,2.89,1.07,0
1,2013,237,12343.13,22.6,29.8,3.15,1.35,4.7
1,2013,238,12468.24,20.6,32.51,3.49,1.08,2
1,2013,239,8976.51,21.2,28.6,2.74,0.96,6
1,2013,240,14099.4,21.8,28,2.88,1.17,4.7
1,2013,241,18870.01,21.4,27.4,2.76,1.23,0.4
1,2013,242,22607.91,21.6,27.4,2.81,1.06,27.7
1,2013,243,20615.05,20.2,31.2,2.9,1.51,1.7
1,2013,244,12670.38,20.3,32.6,2.75,1.35,0
1,2013,245,19074.72,21.6,33.2,2.78,1.34,0
1,2013,246,17920.2,22.2,32.6,3.17,1.16,12.6
1,2013,247,15909.21,21.8,29.6,3.13,1.03,4.7
1,2013,248,12129.85,21.4,30.4,2.92,0.88,7.1
1,2013,249,8653.57,21.4,30.6,2.94,0.97,0
1,2013,250,16916.86,22,31.2,2.9,1.09,5.4
1,2013,251,23907.42,20.8,30.2,3.01,1.1,0.3
1,2013,252,24890.03,21.6,26.8,2.9,1.06,20.6
1,2013,253,12021.06,20.6,30.8,2.85,1.07,0
1,2013,254,18222.23,22.2,31.6,2.93,1.1,0.8
1,2013,255,17599.86,21.4,32.4,2.93,0.97,0.2
1,2013,256,8533.55,21.6,33.6,2.82,0.95,2.5
1,2013,257,10972.82,22.4,33.3,2.91,0.82,8.6
1,2013,258,14851.47,22,28,2.81,1.07,28.2
1,2013,259,25241.46,21,32.6,3.11,0.79,0
1,2013,260,23985.99,22.2,32.2,2.95,1.26,10.4
1,2013,261,13879.22,22,30.6,2.94,0.92,15.1
1,2013,262,20160.01,21.6,31.4,2.8,0.88,12.7
1,2013,263,16804.61,20.8,31.4,2.9,1.25,0
1,2013,264,17291.6,21.4,31.8,3.01,1,0
1,2013,265,12423.43,21,31.8,2.86,1.67,28.1
1,2013,266,12080.64,20.8,33.2,2.8,1.08,0
1,2013,267,21568.31,22.2,32.6,2.9,1.29,23.2
1,2013,268,14486.23,22,29,2.92,0.8,0.7
1,2013,269,14053.67,22.2,29.2,2.97,1.08,44.3
1,2013,270,14824.19,22.4,30.2,2.95,0.98,6
1,2013,271,17949.22,22,32.2,2.93,1.14,11.3
1,2013,272,12649.15,21.4,29.2,2.98,0.88,1
1,2013,273,19995.66,21.8,32,3,0.99,0
1,2013,274,13986.46,23.4,31.8,3.09,0.97,23.7
1,2013,275,18170.84,22.2,32,2.99,1.58,0
1,2013,276,15880.71,22.4,32.6,2.91,1.26,6.8
1,2013,277,19341.45,22.1,28.4,3,1.54,7.3
1,2013,278,19927.74,20.2,32.2,3,1.04,0
1,2013,279,19962.46,21.6,33.4,2.87,0.99,0
1,2013,280,17121.5,22.4,31.6,2.97,1.15,2.6
1,2013,281,20442.36,22.8,31,3.01,1.14,0.7
1,2013,282,13696.17,21.8,31.6,2.93,0.88,5
1,2013,283,21676.24,23.4,32.4,2.91,1.03,0
1,2013,284,12455.38,22,32,2.94,1.41,41.8
1,2013,285,11784.47,22.2,31.6,2.93,1.32,16.2
1,2013,286,6756.56,21.4,28.6,2.74,1.2,2.2
1,2013,287,22464.58,22,25.2,2.76,1.36,30
1,2013,288,15657.08,21.2,32.2,2.92,0.71,0
1,2013,289,13825.69,22.2,29.4,2.93,0.94,35.3
1,2013,290,24917.66,20.8,30,2.92,1.27,0
1,2013,291,25040.27,22.4,31.8,2.98,1.55,0
1,2013,292,18161.11,22.4,32.4,2.93,1.02,0
1,2013,293,20708.31,22.6,32.4,3.08,1.13,0
1,2013,294,12688.51,22.4,31.8,2.98,1.46,0
1,2013,295,21961.24,22.4,32.8,2.88,1.16,0
1,2013,296,15005.17,23.2,31.6,3.04,1.21,29
1,2013,297,20043.5,21.6,33,2.98,1.14,0
1,2013,298,18192.9,22.2,31.8,2.99,1.04,0
1,2013,299,17752.35,22.4,32.2,2.92,1.3,0.8
1,2013,300,14956.58,19.2,32.6,2.66,1.37,0
1,2013,301,17254.4,23.6,33.2,2.9,0.97,13.7
1,2013,302,20899.8,21.8,33.2,2.94,1.04,2.4
1,2013,303,14935.54,23.2,30.4,3.12,1.36,2.8
1,2013,304,13757.44,23,29.8,3.06,0.95,2.3
1,2013,305,15080.77,21.8,30.8,2.98,1.24,0.3
1,2013,306,12880.85,21.4,30,2.96,1.4,29
1,2013,307,18025.58,22.4,31.4,3.1,1.21,120.6
1,2013,308,9344.93,21.6,25,2.52,0.9,18
1,2013,309,18214.83,21,30,2.89,1.36,9
1,2013,310,15004.61,22.4,29.6,3.11,1.11,0.3
1,2013,311,16392.52,22.4,31,3.06,1.3,12
1,2013,312,15720.92,21.4,30.6,2.94,1.5,20.4
1,2013,313,18827.24,21.2,30.4,2.94,1.24,3
1,2013,314,14196.65,22.6,29.6,3.11,0.99,5.8
1,2013,315,12877.19,21.8,30.2,2.92,0.91,4.7
1,2013,316,17578.02,23,31.6,3.03,1.4,0
1,2013,317,15005.17,23.2,31.6,3.04,1.23,5
1,2013,318,9616,23.6,27,3.06,0.96,57
1,2013,319,14252.85,21.6,29.6,2.99,1.3,11.8
1,2013,320,16675.37,21.2,31.6,3.01,1.22,0
1,2013,321,16275.31,22.2,32.4,2.92,1.1,3.2
1,2013,322,17567.76,22.4,30.6,3.09,1.24,0
1,2013,323,17567.76,22.4,30.6,3.09,1.14,56
1,2013,324,19760.16,21.6,31.2,3.06,1.7,9.1
1,2013,325,19758.24,22.6,32.4,3.08,1.33,0
1,2013,326,16808.01,22.2,30.8,3.08,1.14,0
1,2013,327,15554.24,22,31.4,2.95,1.12,0
1,2013,328,19509.7,22.2,32.8,2.99,1.34,0
1,2013,329,17752.35,22.4,32.2,2.92,1.34,0
1,2013,330,17586.89,22.6,31.6,3.07,1.13,47
1,2013,331,18468.01,21,31.4,3,1.39,29
1,2013,332,12158.8,22.4,29.6,3.22,1.44,3
1,2013,333,14534.06,23,30,2.95,1.35,0
1,2013,334,15482.74,21.6,30.4,2.97,1.27,3.4
1,2013,335,17143.62,21.2,30.4,2.85,1.42,0
1,2013,336,11371.75,21,29.2,2.82,0.99,1
1,2013,337,18735.23,21.2,31.8,2.92,1.28,0
1,2013,338,15492.67,22.4,30.4,2.97,0.91,0
1,2013,339,18171.77,22.2,32,3,1.3,3.9
1,2013,340,18439.66,21.8,31.6,2.99,1.23,0
1,2013,341,14406.02,22.4,31.2,3.26,0.96,24.5
1,2013,342,16476.52,21.6,30.8,2.87,1.1,0
1,2013,343,16548.81,22.8,31.4,2.9,1.11,0
1,2013,344,20345.59,22,32.4,2.9,1.07,0.7
1,2013,345,15603.06,23,31.8,3.1,1.04,26.9
1,2013,346,11204.71,22,28.8,2.89,1.07,4.1
1,2013,347,14842.88,22.8,30.4,3.01,1.08,0
1,2013,348,18445.27,21.4,31.4,3.02,1.01,0
1,2013,349,13585.15,21.2,31.2,2.95,1.17,0
1,2013,350,12618.43,23.6,29.8,2.98,1,6.6
1,2013,351,13965,22.2,30.6,3.05,0.95,0
1,2013,352,14910.68,22.6,30.4,2.85,1.39,0
1,2013,353,14377.88,22.4,29.8,3,1.1,0
1,2013,354,16392.52,22.4,31,3.06,1.32,0
1,2013,355,17806.38,21.6,32.4,3.08,1.13,0
1,2013,356,19163.92,22,31.6,2.93,1.12,0
1,2013,357,18142.97,23,28.2,2.99,1.04,2.1
1,2013,358,18345.02,21.2,31.4,3,1.08,0
1,2013,359,21147.81,21.2,32.6,2.86,1.15,0
1,2013,360,21343.07,23.6,32.6,2.96,0.92,0
1,2013,361,17395.33,23,33.8,2.73,1,0
1,2013,362,20176.19,22.2,32.6,2.9,1.12,0
1,2013,363,16984.13,23,33.2,2.9,1.22,0
1,2013,364,16984.13,23,33.2,2.9,0.95,0
1,2013,365,23275.32,21.6,32.6,2.92,1.13,0
