*-----------------------------------------------------------
*  Station Name: VVME
*  DSSAT Weather file - by https://github.com/jrodriguez88
*  Longitude: -73.475773 -- Latitude: 4.029664 -- Elevation: 315m
*-----------------------------------------------------------
*  Date: 2012-01-01 : 2021-12-31
*
*  Column    Daily Value
*     1      Station number
*     2      Year
*     3      Day
*     4      irradiance         KJ m-2 d-1
*     5      min temperature            oC
*     6      max temperature            oC
*     7      vapor pressure            kPa
*     8      mean wind speed         m s-1
*     9      precipitation          mm d-1
*-----------------------------------------------------------
-73.475773,4.029664,315,0,0
1,2020,1,19017.66,22.2,31.6,2.7,1.13,0
1,2020,2,20122.02,23.8,31.4,2.62,0.67,0
1,2020,3,21669.34,23.4,32.4,2.47,0.89,0
1,2020,4,21928.37,22.4,32.6,2.25,0.87,0
1,2020,5,20830.92,22,32.6,2.43,0.89,0
1,2020,6,21903.33,22,32.8,2.45,0.9,0
1,2020,7,21399.07,21.2,32.4,2.39,1.02,0
1,2020,8,21823.89,22.6,33,2.36,1.1,0
1,2020,9,21370.58,21.4,32.6,2.34,1.21,0
1,2020,10,22158.05,21.2,32.2,2.27,1.37,0
1,2020,11,12041.78,22,30.8,2.29,1.03,0
1,2020,12,17297.65,22.2,32,2.4,1.06,0
1,2020,13,21442.25,23.4,32,2.34,1.25,0
1,2020,14,21102.04,22,32.6,2.31,1.03,0
1,2020,15,20276.58,21.8,33.6,2.44,0.95,0
1,2020,16,6940.47,23.4,28.6,2.7,0.77,9
1,2020,17,6814.41,22.2,25.8,2.7,0.8,7.2
1,2020,18,15517.2,22,31.6,2.78,1.09,0
1,2020,19,8979.96,21,29.2,2.75,0.75,2.6
1,2020,20,13891.31,23.2,31,2.96,0.79,0
1,2020,21,14815.21,23.8,32.8,2.82,0.74,0
1,2020,22,16010.23,25.2,33,2.93,0.77,0
1,2020,23,20035.67,24,33.2,2.72,0.93,0
1,2020,24,9162.15,25,34.2,2.97,0.78,0
1,2020,25,11995.15,24.8,32,2.84,0.78,0
1,2020,26,15980.88,23.6,34,2.76,0.76,0
1,2020,27,18499.58,23.4,35,2.64,0.88,0
1,2020,28,19913.06,25.2,34.8,2.62,1.13,0
1,2020,29,16981.62,24.6,34.2,2.65,1.05,0
1,2020,30,18150.75,25.6,34.4,2.63,0.89,0
1,2020,31,18104.12,22.6,37,2.79,0.96,0
1,2020,32,11804.33,22,31.6,2.49,0.89,0
1,2020,33,18056.63,22.8,33.6,2.64,1,0
1,2020,34,19618.62,23.2,34,2.74,0.89,0
1,2020,35,22417.09,22.4,34.8,2.35,1.34,0
1,2020,36,22996.47,21.6,35.6,2.09,1.35,0
1,2020,37,23082.82,21.6,35.6,1.98,1.42,0
1,2020,38,19999.41,21.8,34.6,2.02,1.28,0
1,2020,39,20068.48,23,33.8,2.28,1.09,0
1,2020,40,21273.87,21,34.6,2.21,1.15,0
1,2020,41,23216.65,21.2,35.4,2.15,1.58,0
1,2020,42,22831.55,21.4,36,2.05,1.44,0
1,2020,43,22230.58,21.6,36,2.04,1.24,0
1,2020,44,22287.57,22.4,36.4,2.37,1.43,0
1,2020,45,15761.56,24.4,35.2,2.64,1.49,0
1,2020,46,20133.24,24.8,36,2.43,1.35,0
1,2020,47,21644.3,24.2,36,2.32,1.32,0
1,2020,48,18132.61,24,36.2,2.32,1.4,0
1,2020,49,18801.79,23.6,36.8,2.21,1.22,0.3
1,2020,50,8868.57,23.8,31.2,2.72,0.95,0
1,2020,51,10887.34,24,36,2.52,1.4,0
1,2020,52,17598.43,23.2,34.4,2.43,1.27,0
1,2020,53,20737.57,21.2,35.2,2.29,1.25,0
1,2020,54,16567.01,22,31.4,2.47,1,0
1,2020,55,18726.28,23.6,34.6,2.93,1.01,0.4
1,2020,56,18885.13,21,35.4,2.55,0.94,0.7
1,2020,57,15848.5,24.8,34,2.77,1.11,0
1,2020,58,16631.78,25,35.6,2.61,1.13,0
1,2020,59,18028.7,25.6,36.2,2.47,1.29,0
1,2020,60,17444.46,24.4,35.8,2.4,1.14,0
1,2020,61,17373.55,24.6,36.4,2.48,1.03,0
1,2020,62,15651.16,25.4,35.2,2.78,1.07,0
1,2020,63,18188.73,23,34,2.81,1,0
1,2020,64,11507.3,23.6,36.4,2.59,1.2,0
1,2020,65,9976.39,24.4,36,2.29,1.19,0
1,2020,66,12224.83,23.6,36.6,2.14,1.24,0
1,2020,67,18281.6,23,36.4,2.1,1.11,0
1,2020,68,8368.63,22.6,35.8,2.74,1.26,21
1,2020,69,8551.69,22,31.4,2.85,1.23,0.5
1,2020,70,11876,22.2,32.6,2.41,0.99,0
1,2020,71,9173.38,23.8,34.2,2.49,0.9,0
1,2020,72,18229.64,22.8,34.2,2.43,1.16,0
1,2020,73,17638.39,22.6,35.6,2.98,1.69,85.3
1,2020,74,17154.63,22.2,31.4,3.01,1.25,0.3
1,2020,75,18804.97,23,32.2,3.12,1.33,0.8
1,2020,76,17696.31,23,35.4,2.92,1.11,0
1,2020,77,20359.75,22,33.4,2.48,1.39,0
1,2020,78,20017.54,22.4,33,2.37,1.06,0
1,2020,79,18269.04,23,32.4,2.38,1.1,0
1,2020,80,16211.42,24.6,32.2,2.56,1.09,0
1,2020,81,20762.7,23.8,33.4,2.36,1.54,0
1,2020,82,21848.93,23,34,2.34,1.38,0
1,2020,83,20492.44,24.8,34.8,2.4,1.3,0
1,2020,84,21683.15,24.6,34.2,2.56,1.41,0
1,2020,85,18474.54,24.6,34.4,2.71,0.9,0.4
1,2020,86,15143.32,24.8,33.2,2.79,1.09,0
1,2020,87,12951.87,24.8,33,2.64,0.98,0
1,2020,88,19359.59,25.8,34,2.6,1.22,0
1,2020,89,19218.84,24.6,34.8,2.39,1.34,4.9
1,2020,90,9275.26,23.4,29.2,2.83,1.04,49.7
1,2020,91,11965.8,21.6,31,2.96,0.89,9
1,2020,92,14851.47,21.6,31.6,2.99,1.72,43
1,2020,93,9202.73,21.8,29.4,2.99,1.29,0
1,2020,94,13225.58,22.8,31,2.88,1.11,0
1,2020,95,15650.17,23.6,32.8,2.89,0.72,21.6
1,2020,96,9429.82,21.2,28.4,2.83,0.94,29.1
1,2020,97,17445.3,21.4,33.2,3.12,1.37,32.6
1,2020,98,21683.15,21.8,31.6,2.87,0.9,0
1,2020,99,12181.66,23.8,29.8,3.18,1,11.8
1,2020,100,10834.63,23.4,26.4,2.96,0.89,25.5
1,2020,101,6792.82,23,28.2,3.04,0.86,2.2
1,2020,102,14660.65,23.4,31.4,3.16,0.81,2.1
1,2020,103,17254.48,24,32.8,3.24,1.14,7.6
1,2020,104,20154.83,22.4,33.2,2.73,1.41,0
1,2020,105,17945.23,22.8,33.2,2.53,1.18,0
1,2020,106,12062.5,24,32.2,2.55,1.26,0
1,2020,107,13109.88,24.8,31.4,2.63,1.07,0
1,2020,108,10246.65,24.2,28,2.56,0.94,0
1,2020,109,14103.72,22.6,29.2,2.96,1.04,7.5
1,2020,110,13632.5,21.8,29.2,2.95,0.77,0
1,2020,111,21442.25,22.2,33.4,2.75,0.99,0
1,2020,112,11953.71,22.8,32.4,2.98,0.98,40.8
1,2020,113,15632.04,22.2,31.2,3.07,1.12,3.7
1,2020,114,11453.77,21.6,31.4,2.8,0.94,0
1,2020,115,16898.73,22.4,30.4,3.03,1.32,1
1,2020,116,14710.44,23.2,33,2.99,1.29,0
1,2020,117,19869.89,22.6,33.2,2.81,1.51,0.2
1,2020,118,15474.03,23.4,32.6,2.88,1.17,0.9
1,2020,119,14559.62,22.2,31.8,2.99,0.86,0.9
1,2020,120,15240.03,22.6,30.6,2.89,1,0.3
1,2020,121,16726.04,23,32.8,3.02,1.19,58.4
1,2020,122,6979.33,22.2,26,2.86,1.24,16
1,2020,123,17631.81,22,31.2,2.97,1.01,42.2
1,2020,124,11648.61,22.2,26.4,2.83,1.1,5.7
1,2020,125,8289.19,21.8,30.2,2.92,0.9,0.5
1,2020,126,17953.01,22.2,32.6,2.9,0.87,0
1,2020,127,16301.22,23.4,33,3.22,1.1,10.4
1,2020,128,15628.59,22.8,31.6,3.04,0.97,32.7
1,2020,129,18939.4,21.2,30.91,2.84,1.06,28
1,2020,130,7512.08,21.4,29.8,2.97,0.91,27.4
1,2020,131,14898.1,22.6,30.6,2.89,1.07,0
1,2020,132,20726.44,23.2,32.7,3.03,0.95,15.3
1,2020,133,13484.62,23.6,31.2,3.03,1.11,72.5
1,2020,134,12297.37,21.6,29,2.9,1.04,15
1,2020,135,16571.48,21.7,30.6,3,0.99,0.7
1,2020,136,13254.08,23,31.2,3.07,1.09,0
1,2020,137,17921.07,23.6,30.6,2.88,0.84,10.9
1,2020,138,14645.97,23.4,27,2.97,1.02,8.9
1,2020,139,23899.65,22.2,30.2,2.94,1.04,41.7
1,2020,140,17400.73,22.6,29.4,3.03,1.01,12
1,2020,141,25743.13,22.5,32,3.07,0.71,0
1,2020,142,12509.78,22.8,31.2,3.1,0.83,0
1,2020,143,14117.53,23.2,30.8,2.99,1.18,19.4
1,2020,144,19129.04,22,32,2.94,0.91,11.2
1,2020,145,7885.96,22.8,32,3.08,1.03,3.9
1,2020,146,16387.56,22.4,30.6,3.09,0.92,1.8
1,2020,147,9192.37,23.4,32,2.93,0.93,0.9
1,2020,148,15746.88,22.4,29,2.99,0.6,1
1,2020,149,11555.65,22.4,29.8,3,0.59,0
1,2020,150,19165.31,23.2,31.2,3.09,0.98,34.4
1,2020,151,13429.36,21.8,31,3.06,1.39,2.1
1,2020,152,24748.43,22,31.2,2.97,0.92,5
1,2020,153,21626.16,22,32,2.94,1.15,0
1,2020,154,19205.03,23.2,31.8,3.02,1.22,102.8
1,2020,155,14027.73,21.7,28.8,2.88,1.1,15.3
1,2020,156,15693.34,21.8,34,3.02,1.36,0
1,2020,157,18481.45,22.1,31.6,2.99,0.91,18.6
1,2020,158,14873.06,21.2,30.2,2.95,1.21,12.4
1,2020,159,17765.64,22.2,31.2,3.07,0.86,19
1,2020,160,10567,21.8,29,2.92,0.76,3.2
1,2020,161,15841,21,31.2,2.92,0.82,0.2
1,2020,162,13041.67,21.8,31.8,3.02,0.97,10.9
1,2020,163,15333.28,21.6,29.4,2.93,1.04,1.3
1,2020,164,17840.76,21.4,31.4,3.02,1.03,25
1,2020,165,20849.05,22.2,30.8,3.08,1.25,0.3
1,2020,166,7695.14,23,27.8,2.96,1.03,5.6
1,2020,167,14139.12,22,30.2,2.94,0.84,1.5
1,2020,168,20776.52,21.2,31.6,3.01,0.69,8.7
1,2020,169,14991.35,21,30.6,2.91,0.79,0
1,2020,170,11653.23,22.6,27.6,2.97,0.84,2.5
1,2020,171,15776.24,21.2,29,2.88,0.84,3.8
1,2020,172,10122.58,22.8,25.6,2.9,0.73,21
1,2020,173,16675.1,21.8,30,2.95,0.98,22.4
1,2020,174,8886.71,21.6,28.8,2.87,0.8,29.2
1,2020,175,11786.2,21.6,30.4,2.95,0.87,1.9
1,2020,176,19273.24,21,32,2.86,1.01,1.7
1,2020,177,10037.7,23.4,29.6,2.98,0.75,0.7
1,2020,178,13977.65,21,31.4,2.89,1,0
1,2020,179,13223.86,20.1,31.2,2.66,0.94,39
1,2020,180,16764.03,21.3,30,2.96,1.24,2.5
1,2020,181,15384.23,21.9,30.4,2.99,0.64,0
1,2020,182,19532.28,22.8,31.4,3.09,1,0
1,2020,183,16283.09,23,31,3.09,1.03,23.5
1,2020,184,14200.43,21,31.2,2.92,0.81,4.5
1,2020,185,16747.63,21,31.2,2.92,0.91,13.8
1,2020,186,8138.09,23,27.8,2.96,0.63,13.6
1,2020,187,18726.67,21,31.2,2.92,0.78,6.4
1,2020,188,9199.28,20.6,31,2.82,0.93,23
1,2020,189,18384.74,20.4,30.2,2.76,0.91,0
1,2020,190,18913.18,22.2,31.6,2.93,0.74,47.8
1,2020,191,8526.65,21.2,28.3,2.77,1.14,5.7
1,2020,192,11117.02,21.8,29,2.92,0.8,7.6
1,2020,193,14092.49,21.4,30.2,3,1.38,17.2
1,2020,194,16304.67,21.1,30,2.93,0.76,0
1,2020,195,13836.91,22.8,30.4,3.01,1.13,13
1,2020,196,21820.44,21,31.6,2.83,0.71,0
1,2020,197,10217.3,22.4,30,2.92,1.09,7.2
1,2020,198,17974.6,21.8,30,2.95,0.78,0.2
1,2020,199,16557.67,22.8,29.8,2.92,0.85,0
1,2020,200,22397.23,22.8,30.6,3.11,0.77,0.2
1,2020,201,13459.58,23,30.4,3.09,0.82,0
1,2020,202,13005.4,22.86,30,3.04,0.84,3.4
1,2020,203,9580.93,22.4,28.2,2.91,0.77,0.1
1,2020,204,12329.31,21.4,30.8,2.96,0.75,0
1,2020,205,13552.83,22.2,30.6,3.05,1.02,6.9
1,2020,206,17168.13,22.6,29.8,3.04,0.77,96.4
1,2020,207,12100.04,21.4,29.72,3.02,1.24,67.2
1,2020,208,11814.69,20.1,30.2,2.64,0.89,0.3
1,2020,209,19510.69,21.6,31.2,3.06,0.72,7.4
1,2020,210,15359.19,22.4,31,3.06,0.7,1.2
1,2020,211,19917.38,22.4,31.4,3.1,0.84,103
1,2020,212,10559.22,21,27.4,2.74,1.29,13.6
1,2020,213,17650.8,21.4,31.2,3,1.11,0
1,2020,214,12703.19,22.9,30.2,3.11,0.86,0
1,2020,215,21845.48,22,31.8,3.07,0.84,0
1,2020,216,15920.43,23,31.4,3.05,0.92,0
1,2020,217,13520.02,21.8,28.2,2.89,1,0
1,2020,218,14866.15,22.4,30.2,2.95,0.88,0
1,2020,219,17186.26,22.8,30.4,3.01,0.9,0
1,2020,220,9599.92,22.4,28.8,3,1,0
1,2020,221,10109.36,21.8,28.6,2.83,0.85,0
1,2020,222,12005.52,22.4,30,2.92,0.58,0
1,2020,223,10933.1,22.8,29,3.05,0.69,0
1,2020,224,14109.76,22.8,31.2,3.1,0.84,0.4
1,2020,225,10872.66,22.6,32,3.08,0.9,10.8
1,2020,226,14212.96,22,29.4,2.97,1.02,2.5
1,2020,227,12573.67,23,30.6,2.86,0.85,0
1,2020,228,18654.14,21.8,32.6,2.85,0.75,0.3
1,2020,229,15258.16,23,33,2.98,1.09,0
1,2020,230,15280.79,24.6,31.6,2.88,0.87,7
1,2020,231,13423.31,22.2,31,3,0.9,1.6
1,2020,232,17765.64,23.4,30.8,2.99,0.88,0
1,2020,233,15316.01,25.4,32.4,2.77,1.07,0
1,2020,234,18438.28,24.4,33.6,2.85,1.14,9.2
1,2020,235,12613.39,22,29.6,3.02,1.11,49.6
1,2020,236,12818.89,21.8,28.6,2.83,1,6.8
1,2020,237,11455.49,21.4,27.6,2.85,0.83,0
1,2020,238,15031.07,21.8,29.6,2.99,0.89,0
1,2020,239,16667.35,22.8,31.8,3.06,0.66,1.5
1,2020,240,13645.13,23.6,30.4,2.97,1.07,29.6
1,2020,241,17452.21,21.38,32.6,2.95,1.12,0
1,2020,242,17398.58,23,31.4,3.05,1.2,35.2
1,2020,243,17082.31,21.8,31.2,2.96,1.12,0
1,2020,244,17667.38,23.2,31,3.08,0.97,0.4
1,2020,245,13154.07,22,29,2.92,0.96,0
1,2020,246,17908.11,21,31.4,2.89,1.05,0.5
1,2020,247,16043.91,22.2,31,3,0.75,0.4
1,2020,248,16554.76,22.4,32.6,2.91,1.15,0
1,2020,249,20303.57,22.3,34.2,2.85,0.89,7.8
1,2020,250,15435.73,21,32.4,3.05,1.05,0
1,2020,251,17872.59,22.4,33.2,2.91,0.94,5.1
1,2020,252,19990.5,21.3,32.8,2.98,0.99,1.6
1,2020,253,14212.96,22,29.4,2.97,0.74,0.7
1,2020,254,18052.31,21,31.2,2.92,0.98,0.7
1,2020,255,17981.51,22.2,31.6,2.93,0.82,0
1,2020,256,22257.35,21.8,33.2,2.94,0.99,4.5
1,2020,257,13868.86,23.2,31.4,3.01,0.85,1.1
1,2020,258,13268.76,21,32.8,2.88,1.01,2.1
1,2020,259,17913.29,20.4,31.8,2.88,0.7,5.1
1,2020,260,17197.49,23,32,3.03,1.06,0
1,2020,261,21762.59,21,32,2.86,1.15,0
1,2020,262,22828.1,22.2,33,2.87,1.07,0
1,2020,263,12473.51,23.8,31.4,2.96,1.08,5.9
1,2020,264,16211.42,22,31,2.99,0.85,0
1,2020,265,19924.29,22.8,32.8,3,0.94,0
1,2020,266,21895.56,21,33.6,2.96,0.92,107.2
1,2020,267,10422.8,20.8,27.8,2.78,1.4,4.8
1,2020,268,17826.95,22,31,2.99,1.18,0
1,2020,269,20039.13,20,32.4,2.82,0.83,0
1,2020,270,16053.41,21,32.2,2.92,1.03,0
1,2020,271,15435.73,21,32.4,3.05,0.84,6.8
1,2020,272,19661.8,20.8,31.4,2.9,0.89,8.2
1,2020,273,15973.97,21.8,30,2.95,1.03,7.2
1,2020,274,11059.17,22,29,2.92,1.14,2.3
1,2020,275,22536.25,21.4,32.2,2.91,0.73,0.1
1,2020,276,10573.9,22.2,28.2,2.78,0.79,0
1,2020,277,11894.13,20,30.8,2.8,0.83,11.2
1,2020,278,16528.31,21,31.4,2.89,1.16,0
1,2020,279,17639.58,20.7,30.8,2.93,0.91,0
1,2020,280,20514.03,23,32.8,3.02,0.94,15.2
1,2020,281,15031.07,22,29.4,2.97,1.14,43.7
1,2020,282,11955.44,23.2,28.6,3.05,1.05,33.4
1,2020,283,19967.46,21.4,31.8,3.01,0.75,19
1,2020,284,20251.54,21,32,2.86,0.94,3.3
1,2020,285,10250.11,21,32,2.86,1.01,0
1,2020,286,11775.84,23,28.8,3.05,1.33,0
1,2020,287,8451.52,21.6,30,2.95,0.72,0
1,2020,288,17370.18,22,31.2,2.97,0.69,0
1,2020,289,6864.49,21.4,32.4,2.93,1.05,21.6
1,2020,290,12807.67,21.2,28.8,2.85,0.83,0
1,2020,291,16603.43,21,30.8,2.99,0.83,1.7
1,2020,292,11724.89,21,30.8,2.99,0.7,0
1,2020,293,21709.05,21.4,32.6,2.92,0.86,0
1,2020,294,18959.81,22.6,32.6,2.93,1.31,33.8
1,2020,295,15768.47,22.2,30.6,3.05,1.13,4.2
1,2020,296,16707.91,21.2,30.8,2.94,1.23,0.2
1,2020,297,18129.16,21.6,32.2,2.98,0.98,3
1,2020,298,20229.95,22.4,32,3.02,0.79,0
1,2020,299,21652.51,21.4,32.6,2.92,1.01,0
1,2020,300,18541.22,22.8,32.6,3.01,1.1,0.1
1,2020,301,18783.66,23.4,31.4,3.05,1.32,0
1,2020,302,18531.53,23.6,31,2.99,1.31,0
1,2020,303,17395.22,23,32.2,3.02,1.34,0
1,2020,304,18881.23,23,33,2.98,1.09,0
1,2020,305,12034.87,20,33.2,2.7,1.19,20.1
1,2020,306,11509.03,19,33,2.69,1.03,5.1
1,2020,307,17549.78,21,33,2.76,0.88,0.9
1,2020,308,15705.31,23,31,3.09,1.04,0.3
1,2020,309,7202.1,23,28.6,3.03,0.79,1.8
1,2020,310,17744.06,23.2,31.4,3.01,1.09,69.6
1,2020,311,16377.2,22.8,31.2,3.1,1.23,9.7
1,2020,312,18052.77,20,31.4,2.76,0.93,4.5
1,2020,313,15182.18,23.17,30.8,2.97,1.02,13.2
1,2020,314,15153.68,22.2,30.6,3.05,0.93,0
1,2020,315,14732.32,23.4,30.6,3.01,1.08,39.8
1,2020,316,10984.05,22.4,30.4,3.03,1.22,0
1,2020,317,17322.69,22.8,32.8,3,1.07,5
1,2020,318,20065.03,22,31,2.99,1.08,0
1,2020,319,18610.97,21,32,2.86,0.78,33.2
1,2020,320,17448.75,21,32,2.86,1.28,3.4
1,2020,321,13566.65,21,32,2.86,1.1,0.6
1,2020,322,14653.74,21.8,30.4,2.97,0.88,0
1,2020,323,12505.46,22.6,29.8,3.04,1.16,0
1,2020,324,17524.74,23.2,31.8,3.02,1.37,0
1,2020,325,19600.49,22.8,32,3.08,1.37,0
1,2020,326,17452.21,21,31.4,2.89,0.94,0
1,2020,327,19686.84,21,31.6,2.83,1.08,0
1,2020,328,14962.86,23,29.4,3.02,1.14,0
1,2020,329,19150.63,22.2,32,2.99,0.95,0.8
1,2020,330,15585.41,23.4,30,3.04,0.83,64.8
1,2020,331,19172.22,21.6,30.8,2.99,1.03,2.5
1,2020,332,13962.98,22.2,31,3,1.44,4.5
1,2020,333,15111.06,22.3,29.4,2.99,1.17,0
1,2020,334,14930.91,22,30.8,2.95,0.87,0
1,2020,335,13981.11,22.6,31,3,1.08,16
1,2020,336,11304.39,21.4,29.8,2.97,1.1,3.8
1,2020,337,19509.83,22.2,31.2,3.07,1.19,2.5
1,2020,338,26098.87,23,31.6,3.03,1.12,0
1,2020,339,19353.54,22.8,31.6,3.04,1.21,0
1,2020,340,16985.08,22,31.6,2.93,0.91,0
1,2020,341,20711.76,22.2,33,2.87,1,0
1,2020,342,15290.11,21.6,28.4,2.81,0.84,10.6
1,2020,343,17870.12,19,27.2,2.48,1.14,19
1,2020,344,13387.05,22,29,2.92,1.03,20
1,2020,345,22993.02,21.6,31,2.92,1.21,5.7
1,2020,346,25096.4,22.8,32,3.08,1.2,0
1,2020,347,24709.57,19,32,2.75,1.29,0
1,2020,348,22221.08,22.6,31.2,3.02,1.12,0
1,2020,349,20081.44,21.2,32.6,2.86,0.84,0
1,2020,350,24151.78,21.4,31.2,3,1.29,0
1,2020,351,21936.14,22.6,32,3.08,1.25,0
1,2020,352,23791.71,22.6,32.2,3.09,1.42,0
1,2020,353,20780.84,22.4,32,3.02,1.2,1
1,2020,354,20233.41,20,32,2.91,1.44,0
1,2020,355,19621.21,20,32.4,2.82,1.3,0
1,2020,356,23438.56,21,32.6,3.11,1.26,0
1,2020,357,26684.3,22.6,32.8,2.99,1.34,0
1,2020,358,21919.74,22.6,32.8,2.99,1.2,0
1,2020,359,21398.21,24,33,2.79,1.34,0
1,2020,360,22822.91,22.2,32.6,2.9,1.28,0.6
1,2020,361,18428.78,23.6,32.4,3.01,1.6,5.5
1,2020,362,24817.5,22.8,31.2,3.1,1.49,0
1,2020,363,19131.63,22.6,32.2,3.09,1.65,2.2
1,2020,364,23018.92,22.2,32.6,2.9,1.27,0
1,2020,365,22531.93,23,32.2,3.02,1.18,10.6
1,2020,366,19492.56,22.4,28,2.74,1.14,5
