*-----------------------------------------------------------
*  Station Name: VVME
*  DSSAT Weather file - by https://github.com/jrodriguez88
*  Longitude: -73.475773 -- Latitude: 4.029664 -- Elevation: 315m
*-----------------------------------------------------------
*  Date: 2012-01-01 : 2021-12-31
*
*  Column    Daily Value
*     1      Station number
*     2      Year
*     3      Day
*     4      irradiance         KJ m-2 d-1
*     5      min temperature            oC
*     6      max temperature            oC
*     7      vapor pressure            kPa
*     8      mean wind speed         m s-1
*     9      precipitation          mm d-1
*-----------------------------------------------------------
-73.475773,4.029664,315,0,0
1,2014,1,18078.27,21.6,32.8,2.83,1.27,0
1,2014,2,18487.88,21.8,32.6,2.85,1.27,0
1,2014,3,19202.96,22.6,32.6,2.93,1.27,0
1,2014,4,17323.77,23,32.8,3.02,1.27,0
1,2014,5,17254.4,23.6,33.2,2.9,1.27,1.4
1,2014,6,18611.01,22.8,33,2.91,1.27,0
1,2014,7,16672.23,22.8,31,3.01,1.27,2.1
1,2014,8,17109.32,23.4,31.6,3.08,1.27,0.3
1,2014,9,18170.84,22.2,32,2.99,1.27,0
1,2014,10,15658.53,19.6,31.6,2.84,1.27,0
1,2014,11,17267.34,21.4,32.8,2.89,1.27,0
1,2014,12,16414.89,20.4,33,2.71,1.27,0
1,2014,13,20899.8,21.8,33.2,2.94,1.27,0
1,2014,14,17153.01,21,33.2,2.81,1.27,0
1,2014,15,20899.8,21.8,33.2,2.94,1.27,0
1,2014,16,18461.56,22.72,33.6,2.78,1.27,0
1,2014,17,20576.11,23.2,33.4,2.97,1.27,0
1,2014,18,16031.97,23,33,2.98,1.27,17.7
1,2014,19,17323.77,23,32.8,3.02,1.27,0
1,2014,20,19395.38,22.8,33.2,2.81,1.27,0
1,2014,21,14038.1,24.2,32.4,2.6,1.27,0.2
1,2014,22,15649.4,24.4,34,2.79,1.27,0
1,2014,23,18434.86,22.8,35.2,2.78,1.27,0
1,2014,24,18888.33,21.8,34.2,2.68,1.27,0
1,2014,25,16464.3,24.3,32.8,2.95,1.27,0
1,2014,26,16275.86,24.2,33.2,2.84,1.27,0
1,2014,27,16525.84,23.8,33.8,2.8,1.27,0
1,2014,28,20167.78,22.4,34.2,2.93,1.27,0
1,2014,29,16895.8,23.4,34.2,2.78,1.27,0
1,2014,30,16318.07,24.4,32.8,2.98,1.27,0
1,2014,31,11372.6,24.8,32.4,2.74,1.27,0
1,2014,32,17345.14,23.8,35,2.62,1.52,0
1,2014,33,18496.13,21.2,34.8,3.03,1.68,0
1,2014,34,16646.6,23,34.6,2.56,1.39,0
1,2014,35,14539.76,24.2,33.2,2.84,1.83,0
1,2014,36,15894.53,24.6,33,2.88,1.95,0
1,2014,37,9325.34,24.6,33,2.88,1.78,0
1,2014,38,15751.2,23,33,2.98,1.68,0
1,2014,39,16423.83,22.87,33.6,2.78,1.86,0
1,2014,40,17783.78,24.03,35,2.6,1.6,0
1,2014,41,12002.06,23.35,35.4,2.97,1.69,0
1,2014,42,19232.66,24.4,34.8,2.62,1.57,0
1,2014,43,18474.54,23.2,35.6,2.77,2.01,0
1,2014,44,21025.2,24.4,35.6,2.53,1.54,0
1,2014,45,21582.99,23,36.4,2.46,1.61,0
1,2014,46,21780.72,23.4,36.2,2.66,2.05,0
1,2014,47,19590.13,22.6,34.4,2.8,1.99,0
1,2014,48,9269.22,23.4,35.8,2.81,1.72,0
1,2014,49,14645.97,25.8,35.2,2.67,1.54,0
1,2014,50,15686.44,25.2,34.4,2.59,1.44,0
1,2014,51,9660.37,26,35.8,2.57,1.87,0
1,2014,52,17258.79,25.8,35.8,2.49,1.66,0.2
1,2014,53,17499.7,24.2,35.6,2.54,1.48,0
1,2014,54,14754.77,24,35.6,2.54,1.66,0
1,2014,55,12437.25,25.4,35,2.66,1.44,0
1,2014,56,8566.36,24.4,34.5,2.74,1.58,0
1,2014,57,8199.39,23.4,33.5,2.93,2.07,0
1,2014,58,24565.37,23.6,28.6,2.92,1.3,64
1,2014,59,7544.89,21.4,32,2.88,1.79,23.2
1,2014,60,19550.41,22.6,33,2.8,1.6,0.8
1,2014,61,12415.66,21,29.4,2.89,1.62,1
1,2014,62,13121.1,23.2,33.2,2.98,1.65,0
1,2014,63,14290.23,25,31,2.9,1.66,0
1,2014,64,19888.02,24.6,32.6,2.89,1.37,0
1,2014,65,16995.44,24.2,31.8,2.95,1.43,0
1,2014,66,17011.57,23.2,33.6,3,1.66,0
1,2014,67,15517.2,23.6,33.6,2.82,1.5,0
1,2014,68,16795.98,23.4,31.2,3.07,1.86,1
1,2014,69,13520.02,23.2,34.54,2.73,1.62,0
1,2014,70,10933.1,24,33.4,2.83,1.2,0
1,2014,71,17509.2,24.6,34.6,2.69,1.59,0
1,2014,72,14272.96,24.4,32.8,2.98,1.21,0.3
1,2014,73,16269.27,22.8,33.8,2.69,1.77,1
1,2014,74,10497.06,22.6,29.5,3.06,1.32,0
1,2014,75,24852.9,23.6,32.6,2.96,1.35,0
1,2014,76,18794.88,24.6,33.6,2.8,1.59,0
1,2014,77,16916,24.6,34.8,2.55,1.66,2
1,2014,78,7205.55,23.6,33.6,2.82,1.63,0.1
1,2014,79,10670.61,23.6,34.2,2.73,1.68,0
1,2014,80,15768.47,24.4,35.2,2.69,1.41,0
1,2014,81,14891.19,23.4,34.6,2.76,1.44,0
1,2014,82,22600.14,21.8,33.8,2.93,1.09,11.5
1,2014,83,20520.07,18,34.8,2.72,1.46,34
1,2014,84,21374.03,20.2,31,2.98,1.16,7.6
1,2014,85,12616.84,22.2,33,2.87,1.21,0
1,2014,86,13066.71,21.4,32.8,2.89,1.1,4
1,2014,87,10195.71,23.2,32.2,2.96,1.53,0
1,2014,88,14049.32,23.4,34.2,2.78,2.21,0
1,2014,89,17640.38,23,34.6,2.56,1.3,0
1,2014,90,20899.99,23.6,35.8,2.64,1.88,0
1,2014,91,16407.28,24.6,33.8,2.82,2.02,5.6
1,2014,92,17622.03,21.8,31.6,2.93,1.19,0
1,2014,93,15005.17,23.2,31.6,3.04,1.61,2.4
1,2014,94,13832.84,21.6,29.31,2.92,1.32,83.5
1,2014,95,20567.37,21.2,32.8,2.92,1.65,19.3
1,2014,96,20101.88,21.4,32.2,2.91,1.39,97
1,2014,97,17085.7,20.6,33.2,2.81,1.19,0.9
1,2014,98,21550.18,22.8,32.8,3,1.69,15.5
1,2014,99,12314.63,23.2,33,2.99,1.79,0
1,2014,100,18017.77,23.6,32,2.99,1.59,0.2
1,2014,101,10661.98,22.6,31.4,3.33,1.14,4.1
1,2014,102,16704.45,23.2,33.2,2.96,1.38,0
1,2014,103,19165.31,23.3,33.6,2.79,1.42,0
1,2014,104,13740.2,23.6,33.6,3.19,1.81,49.4
1,2014,105,13474.27,21.2,31.06,3.32,1.47,1
1,2014,106,18370.06,21.6,30.8,3.03,1.02,1.6
1,2014,107,8282.29,21.2,27.4,2.72,1.26,2
1,2014,108,11271.58,20.8,31.8,3.09,1.26,1.6
1,2014,109,11887.22,22.6,31.8,3.59,1.4,28.6
1,2014,110,15621.68,22.2,31.8,3,1.19,0
1,2014,111,7890.28,22.8,31.45,3.47,1.26,2.2
1,2014,112,12529.92,22.8,25.2,2.94,1.02,24
1,2014,113,14359.3,20.8,32.2,2.98,1.42,101
1,2014,114,25893.37,21.8,27.4,2.99,1.16,3.5
1,2014,115,8609.54,22.6,31.2,3.04,1.22,44.7
1,2014,116,18956.35,19.2,28.6,2.95,1.44,3.1
1,2014,117,13623.64,20.6,32.8,3.02,1.4,63
1,2014,118,7163.25,21,32.2,2.92,1.3,34
1,2014,119,19987.32,21.6,30.5,3.15,1.28,6.4
1,2014,120,15402.36,22.6,32.8,3.4,1.45,9.6
1,2014,121,20078.85,22.4,33.4,3.38,1.1,0
1,2014,122,21909.38,23,32.8,3.04,1.59,0
1,2014,123,18147.29,22.6,33.4,2.83,1.7,0
1,2014,124,18305.3,22.8,33.2,2.95,1.47,4.1
1,2014,125,19301.73,22,30.8,2.82,1.34,0
1,2014,126,14563.94,22.4,32.8,2.51,1.53,0
1,2014,127,9426.37,23.6,33,3,1.21,0
1,2014,128,24468.67,23.6,29.2,2.09,1.27,103
1,2014,129,10510.87,20.6,28.2,1.96,1.13,12.6
1,2014,130,11178.32,22.2,29.4,2.07,1.2,6.2
1,2014,131,7763.35,22.2,28,2.38,0.96,2.5
1,2014,132,15254.71,22.6,30.4,2.03,1.18,0
1,2014,133,17926.25,23,32,2.4,1.5,0.6
1,2014,134,11073.85,22.4,32.4,2.21,1.56,1.8
1,2014,135,24443.63,22.8,29.8,2.69,1.28,7
1,2014,136,13815.32,21.6,31.4,2.11,1.27,0
1,2014,137,21436.2,23.2,31.4,2.15,0.97,37.2
1,2014,138,11603.15,21.3,31.8,2.44,1.53,58
1,2014,139,12866.21,21.8,28.4,2.94,1.29,12.2
1,2014,140,18276.24,21.8,32.4,2.08,1.36,0
1,2014,141,16679.94,22.6,32.6,2.22,1.4,1.5
1,2014,142,17539.04,23.2,32.2,2.28,1.28,0
1,2014,143,19289.21,24,33,2.07,1.54,0
1,2014,144,18977.98,23,34.4,1.9,2.09,0
1,2014,145,19787.34,22,33.4,1.8,1.52,0
1,2014,146,17681.6,24.8,33,2.26,1.64,6.5
1,2014,147,12384.94,22.4,25,1.85,0.98,26.6
1,2014,148,11669.49,22.2,28,2.04,0.93,5.2
1,2014,149,14955.43,22.4,30,2.22,1.02,0
1,2014,150,14070.02,23.6,30.5,2.3,1.07,75.6
1,2014,151,16489.05,22.6,30.6,2.14,1.26,2
1,2014,152,18993.86,23.4,32.6,2.35,1.47,7
1,2014,153,14922.26,23,30.6,2.22,1.24,13
1,2014,154,17053.85,22.8,31.6,2.26,1.44,2.5
1,2014,155,15774.61,23,30.6,2.1,1.25,1.4
1,2014,156,17438.95,23.2,31.8,2.14,1.36,6.7
1,2014,157,13683.54,23.8,30.4,2.98,1.34,47.8
1,2014,158,9905.77,22.2,26.2,2.87,1.07,14.4
1,2014,159,15383.09,21.4,28.4,1.94,1.36,0.6
1,2014,160,17065.7,21.4,31.5,2.9,1.25,0.6
1,2014,161,17065.84,22.4,31.8,2.23,1.41,29
1,2014,162,17625.18,20.4,29.8,1.91,1.38,0
1,2014,163,15816.63,22,30.6,1.99,1.11,65
1,2014,164,15665.19,22.2,30,2.13,1.27,10.5
1,2014,165,14992.39,22.4,30.2,2.25,1.35,36.5
1,2014,166,14888.11,21.6,30.2,2.62,1.21,0
1,2014,167,14150.87,21.4,30.2,3.01,1.33,46
1,2014,168,11134.72,20.8,27.8,2.94,0.71,6
1,2014,169,11885.01,20.8,26.5,2.8,0.95,4
1,2014,170,11697.28,18,26.4,2.71,1.12,6
1,2014,171,15666.38,20.4,29.71,3.15,0.62,2
1,2014,172,11929.54,21,27,2.79,1.06,0
1,2014,173,12153.77,20.8,28.5,2.85,0.98,4.6
1,2014,174,17553.38,20.8,30.2,2.96,1.32,2
1,2014,175,10979.57,20.4,28.2,2.98,1.26,14.8
1,2014,176,10072.34,22.4,28.63,3.27,1.45,38.7
1,2014,177,16592.32,20,30.6,2.89,1.08,0.1
1,2014,178,22010.85,22.2,32.2,2.95,1.43,13.4
1,2014,179,12880.85,21.4,30,2.96,1.35,38.2
1,2014,180,15044.35,21.4,29.6,2.93,1.54,0
1,2014,181,13917.99,21.3,26.2,2.83,1.05,1.7
1,2014,182,10975.54,21,29.2,3.09,1.04,17.5
1,2014,183,11613.87,22.2,30.2,3.23,0.89,4.9
1,2014,184,16210.61,21.6,30.8,2.89,1.13,0
1,2014,185,12240.39,23.2,30.2,3.25,1.23,12.5
1,2014,186,13809.23,22,31,3.2,1.43,0
1,2014,187,14753.1,21.8,30.2,3.01,1.43,3.6
1,2014,188,12286.22,21.4,27,2.86,1.63,9.4
1,2014,189,9187.99,21.6,27,2.95,1.23,5.8
1,2014,190,9306.55,21.4,25.6,2.84,1.15,33.4
1,2014,191,11416.35,21,27.8,2.96,0.85,15.4
1,2014,192,10686.96,22,27.8,3.03,1.34,3.8
1,2014,193,13280.55,21.6,25.8,2.82,0.73,4.2
1,2014,194,12239.44,21,29.4,2.95,1.03,5
1,2014,195,16012.14,20.4,29.6,2.89,1,1.6
1,2014,196,14298.3,22.4,28.4,2.91,0.9,0.7
1,2014,197,12216.99,22.2,30.6,3.17,1.31,4.7
1,2014,198,15174.19,21.6,30.8,3.25,1.36,16.6
1,2014,199,14237.54,21,31,3.05,1.14,0.3
1,2014,200,12886.53,22.2,30,3.09,1.15,8.1
1,2014,201,13019.78,21.79,28,2.88,1.09,2.6
1,2014,202,17590.49,19.8,30.8,2.85,1.23,27.4
1,2014,203,14991.37,21.6,30.4,2.92,1.19,1.8
1,2014,204,14842.98,22,28.6,2.86,1.23,3.8
1,2014,205,14899.23,22.6,32,3.08,1.31,7.7
1,2014,206,19163.92,22,31.6,2.93,1.53,0.3
1,2014,207,18445.27,21.4,31.4,3.02,1.25,32.5
1,2014,208,15980.79,21.8,31.4,3.35,1.38,8.4
1,2014,209,18225.49,20.4,32,2.83,1.25,0
1,2014,210,13312.72,20.2,28.4,2.76,1.3,3.8
1,2014,211,14780.85,21.4,30,2.85,1,0
1,2014,212,15859.32,22,30.8,2.9,1.23,0
1,2014,213,15562.03,22,30,2.82,1.63,25.8
1,2014,214,13402.17,21.4,30.2,3.1,1.23,0
1,2014,215,17501.99,21.2,30,2.87,1.36,1.1
1,2014,216,17546.12,20.8,31.6,2.92,1.27,32.3
1,2014,217,13724.72,21.4,26.8,2.89,1.5,36.7
1,2014,218,15546.29,21.6,30.4,2.97,1.47,3
1,2014,219,15653.45,21.3,30.6,2.82,1.16,0.3
1,2014,220,15885.88,20.6,30.2,3.11,1.42,14.8
1,2014,221,14332.98,21.3,30.2,2.96,1.35,0
1,2014,222,11797.71,21.4,30,3.08,1.29,3.4
1,2014,223,16090.07,22,30.8,2.83,1.3,6.5
1,2014,224,13173.45,22.2,30,3.08,1.3,2.9
1,2014,225,11413.15,22.6,29,3.08,1.77,15
1,2014,226,14441.87,20.4,28.6,2.75,1.22,0
1,2014,227,13868.78,22.4,30.8,2.98,1.41,45.9
1,2014,228,13218.04,21.2,27.4,2.77,1.46,6.9
1,2014,229,11990.94,22.2,29.8,3.2,1.2,10.2
1,2014,230,12320.29,21.6,32.5,3.58,1.38,3.4
1,2014,231,13312.92,20.8,27.6,2.55,1.51,0
1,2014,232,14081.7,21.8,28.4,2.85,1.09,0
1,2014,233,14176.35,21.4,29.8,2.79,1.16,0
1,2014,234,14580.9,21.4,30.4,2.8,1.48,0
1,2014,235,14008.91,22.6,30,2.78,1.34,0.2
1,2014,236,18133.2,22.4,32,2.88,1.3,32
1,2014,237,11187.27,21.4,27.8,2.97,1.47,1.7
1,2014,238,9021.71,21.2,26,2.82,1.57,19
1,2014,239,13080.18,20.4,28,2.73,1.1,0.5
1,2014,240,11885.24,21.8,27.8,2.92,1.3,0.6
1,2014,241,18696.96,21.2,31.4,2.91,1.15,0
1,2014,242,19202.65,20.8,32.6,2.59,1.55,0
1,2014,243,15204.63,20.6,33.2,2.79,1.36,0
1,2014,244,18114.28,20.4,30.89,2.65,1.46,37
1,2014,245,11112.05,22.4,28.78,3.01,1.41,0.1
1,2014,246,12621.69,22,30.23,3.12,1.54,16.3
1,2014,247,18095.28,20.8,31.3,2.88,1.22,2
1,2014,248,15762.3,22.4,30.67,3.12,1.46,6.5
1,2014,249,13051.18,23.2,32.1,3.3,1.31,15
1,2014,250,11691.7,21.6,31.83,3.37,1.35,0.9
1,2014,251,15570.57,21.2,31.99,3.14,1.16,0.5
1,2014,252,18692.71,20.2,32.54,2.79,1.36,0
1,2014,253,11062.33,23.2,31.41,3.45,1.4,20
1,2014,254,11464.19,22.2,29.87,3.16,1.4,4.5
1,2014,255,16233.78,22,30.32,3.04,1.28,0.3
1,2014,256,15677.32,22.6,30.67,2.99,1.34,41.5
1,2014,257,11382.23,21,31.88,3.22,1.52,0.1
1,2014,258,19124.23,21.6,31.77,2.96,1.13,0
1,2014,259,19121.28,22.8,32.57,3,1.38,0
1,2014,260,13125.87,22.4,29.98,3,1.53,6.4
1,2014,261,18643.8,21.4,33.09,3.11,1.18,0.4
1,2014,262,18309.36,22,33.31,3.17,1.41,37.5
1,2014,263,19452.04,21.1,32.42,3.16,1.35,0.6
1,2014,264,16973.74,20,31.7,3.01,1.31,0.1
1,2014,265,12519.71,23,31.62,3.41,1.42,20
1,2014,266,17815.23,21,33.3,3.06,1.41,0.2
1,2014,267,17718.45,23.2,33.17,3.21,1.62,0
1,2014,268,19156.01,22.2,32.54,2.81,1.61,0
1,2014,269,18904.69,22.4,31.68,2.75,1.85,0
1,2014,270,18124.5,22.2,33.83,3.27,1.54,7.1
1,2014,271,18131.69,21.8,33.87,3.28,1.89,0.2
1,2014,272,17317.84,20.4,31.19,2.52,1.47,0.7
1,2014,273,13194.02,22.2,28.67,2.58,1.67,0
1,2014,274,16326.19,21.8,29.95,2.65,1.39,0
1,2014,275,17294.85,21.8,32.15,3.08,1.07,2.7
1,2014,276,19825.66,21.4,33,3.21,1.5,0.2
1,2014,277,17780.95,22.8,32.14,3.1,1.52,3.2
1,2014,278,14673.03,23,30.56,3.1,1.29,38.2
1,2014,279,12490.99,22.4,31.16,3.55,0.97,37
1,2014,280,13395.58,22.2,32.15,3.22,1.03,0
1,2014,281,17516.94,22.4,31.4,3.12,1.09,0.6
1,2014,282,16839.89,22.8,31.6,3.12,1.09,14.2
1,2014,283,16861.56,20.4,31.03,3.44,1.2,31.2
1,2014,284,13252.73,20.8,29.2,2.9,0.96,0
1,2014,285,15721.41,22,30.8,3.04,1.31,0.6
1,2014,286,11743.72,21.8,30,3.12,1.99,2.4
1,2014,287,16340.43,21.8,30.6,3.11,1.28,20.8
1,2014,288,16090.8,21.4,30.6,2.87,1.21,0
1,2014,289,16948.1,21.2,31.6,2.98,1.1,0
1,2014,290,13497.11,22.8,31.6,3.33,1.5,0.6
1,2014,291,18415.46,21.8,32.3,3.06,1.25,0
1,2014,292,16181.63,22.8,31.9,3.13,1.5,20.5
1,2014,293,16759.59,21.6,30.8,3.03,1.56,1.2
1,2014,294,17293.78,22.6,31.8,3.11,1.36,4.3
1,2014,295,10254.89,22.8,25.6,2.97,1.44,19
1,2014,296,17878.17,20.4,31.4,2.8,1.62,0
1,2014,297,19630.94,21.8,32.2,2.9,1.6,0
1,2014,298,13141.02,23.8,28.8,3.14,1.46,10.2
1,2014,299,13678.95,22.4,31.4,3.2,1.41,52
1,2014,300,15248.02,21.6,30.4,2.98,1.45,0
1,2014,301,13497.78,21.4,29.4,2.88,1.53,0.1
1,2014,302,14646.31,22,31.4,3.19,1.54,7
1,2014,303,18265.52,22.4,32.6,3.04,1.35,0
1,2014,304,15151.26,23.2,32.4,3.11,1.35,0
1,2014,305,19680.2,22.3,32.8,3,1.6,0
1,2014,306,18134.3,21.8,32.8,3.01,1.5,0
1,2014,307,17322.64,21.4,32.6,3.13,1.38,0
1,2014,308,18321.06,21.2,32.6,3.01,1.57,0
1,2014,309,19715.69,23.8,32.6,2.98,1.5,0
1,2014,310,13399.98,24.2,30.6,3.14,1.2,7.3
1,2014,311,15591.79,23.2,31.4,3.23,1.29,2
1,2014,312,12804.12,23.4,28.2,3.03,1.31,13
1,2014,313,18519.6,21,31.8,3.03,1.65,0
1,2014,314,18094.57,22.2,32.8,3.24,1.69,87.4
1,2014,315,14064.13,21.8,32.8,3.31,1.29,50
1,2014,316,11647.05,21.8,28.4,3.06,1.12,0
1,2014,317,13010.62,22.6,31.8,3.34,1.47,9.7
1,2014,318,11278.02,22.6,29.2,3.12,2.2,2.7
1,2014,319,12369.04,21.6,29.6,3.09,1.15,61.8
1,2014,320,12193.45,21.2,29.2,2.98,1.23,3.6
1,2014,321,18486.13,21.6,32,3.02,1.46,0
1,2014,322,18965.28,22.8,32.4,3.01,1.79,8.3
1,2014,323,18943.68,21.4,32,3.08,1.61,2
1,2014,324,15903.88,22.8,30.6,3.17,1.64,7.1
1,2014,325,15460.22,23.2,32.4,3.13,1.45,0
1,2014,326,19215.56,22.6,32.6,3.15,1.64,0
1,2014,327,19083.69,22.4,32.4,3.13,0.68,0
1,2014,328,15337.83,23.4,32.2,3.3,1.45,21.5
1,2014,329,15161.34,23.6,30.4,3.18,1.41,0
1,2014,330,16611.1,23.4,31.6,3.05,1.41,0
1,2014,331,18046.97,22.2,31.6,2.94,1.63,0
1,2014,332,19786.91,22.2,32.4,2.9,1.54,0
1,2014,333,14842.36,21.6,32.4,3.24,1.52,0
1,2014,334,16859.32,21.4,31,2.98,1.52,0
1,2014,335,14130.8,23.4,31,3.22,1.49,0.5
1,2014,336,17686.3,22.4,32.3,3.13,1.4,0
1,2014,337,19085.6,21.8,32.4,2.88,1.44,0
1,2014,338,18221.93,22.8,32.8,2.88,1.88,0
1,2014,339,18002.18,22.4,32.6,3.1,1.48,110.5
1,2014,340,14239.63,21.2,32.2,3.2,1.2,0.5
1,2014,341,17412.83,21.4,32.6,3.07,1.55,0
1,2014,342,18760.27,21.6,32.2,2.93,1.89,0.1
1,2014,343,16425.95,23.4,30.6,2.98,1.37,0
1,2014,344,14834.35,23.2,33.85,3.19,1.35,6
1,2014,345,13342.37,22.4,31.47,3.35,1.38,3
1,2014,346,16445.53,21.8,29.55,2.8,1.29,0
1,2014,347,11884.93,22.4,28.84,2.82,1.66,0
1,2014,348,17982.15,22.4,32.2,2.92,1.7,0
1,2014,349,18621.52,21.6,32.12,3.06,2.16,3.8
1,2014,350,18651.13,23,32.39,2.93,1.69,0
1,2014,351,16043.29,23.4,31.57,2.86,1.68,0
1,2014,352,16322.56,22.2,31.28,2.67,1.57,0
1,2014,353,15643.08,22.4,33.51,2.87,1.63,0
1,2014,354,18213.61,23,33.12,2.91,1.68,0
1,2014,355,18520.13,22.2,33.01,2.78,1.76,0
1,2014,356,18705.1,22.4,32.95,2.78,1.93,0
1,2014,357,18333.28,20.6,30.39,2.43,1.37,0.1
1,2014,358,15316.58,23.4,30.73,2.76,1.75,0
1,2014,359,13591.51,23.6,29.16,2.85,1.47,0
1,2014,360,18901.53,21.6,32.14,2.8,1.49,0
1,2014,361,14270.37,22.8,30.35,2.55,1.84,0
1,2014,362,20698.83,22.2,32.51,2.88,1.57,0
1,2014,363,16622.64,21.8,31.17,2.42,1.77,0
1,2014,364,15347.61,23.6,30.86,2.79,1.6,2.6
1,2014,365,19338.88,22.6,32.96,2.82,2.11,0
