*-----------------------------------------------------------
*  Station Name: VVME
*  DSSAT Weather file - by https://github.com/jrodriguez88
*  Longitude: -73.475773 -- Latitude: 4.029664 -- Elevation: 315m
*-----------------------------------------------------------
*  Date: 2012-01-01 : 2021-12-31
*
*  Column    Daily Value
*     1      Station number
*     2      Year
*     3      Day
*     4      irradiance         KJ m-2 d-1
*     5      min temperature            oC
*     6      max temperature            oC
*     7      vapor pressure            kPa
*     8      mean wind speed         m s-1
*     9      precipitation          mm d-1
*-----------------------------------------------------------
-73.475773,4.029664,315,0,0
1,2017,1,17808.82,22.4,31,3.06,1.08,0.1
1,2017,2,20661.68,22.4,31.6,2.97,1.08,0.1
1,2017,3,22345.42,20.8,32,2.98,1.08,0
1,2017,4,20251.54,22.8,31,3.01,1.08,0
1,2017,5,15448.99,22.6,30.5,2.89,1.08,2.6
1,2017,6,10012.66,22.8,30.2,3.09,1.08,5.5
1,2017,7,11419.23,21.3,31.4,3,1.08,0
1,2017,8,13747.11,21.4,30.6,2.94,1.08,0
1,2017,9,18931.31,23.1,30.6,2.96,1.08,0
1,2017,10,19110.91,21.4,31.2,3,1.08,0
1,2017,11,15398.04,22.6,30.8,3.04,1.08,0
1,2017,12,17431.48,22.6,31.8,3.09,1.08,0
1,2017,13,20862.87,23.8,32,3.04,1.08,0
1,2017,14,15664.85,22,32,2.94,1.08,0.3
1,2017,15,14645.97,22.2,31.8,2.86,1.08,0
1,2017,16,20071.94,21.2,31,2.64,1.08,0
1,2017,17,17219.07,21,31.4,2.6,1.08,0
1,2017,18,18345.02,22.4,32.2,2.59,1.09,0
1,2017,19,18650.69,23.2,32.8,2.69,1.11,0
1,2017,20,16560.26,23.8,31.8,2.75,1.02,0
1,2017,21,12933.73,24,31.8,3.17,1.08,5.2
1,2017,22,20719.53,24.4,32.6,2.98,1.08,0
1,2017,23,19791.31,21.65,32.2,2.91,1.08,0
1,2017,24,19952.78,23.4,33.8,2.8,1.08,0
1,2017,25,11667.04,23,31.6,3.03,1.08,4.8
1,2017,26,13260.98,22,31,2.84,1.08,7.4
1,2017,27,8947.15,22.2,31,3.02,1.08,0
1,2017,28,12894.01,23,31,2.93,1.08,0
1,2017,29,20014.09,21,32.4,2.65,1.08,3.4
1,2017,30,13368.92,21.2,31,2.74,1.08,8.8
1,2017,31,11811.24,22.2,29.4,3.26,1.08,18.7
1,2017,32,17315.78,22,31.2,2.93,0.99,0
1,2017,33,18478,21.8,32.4,2.83,1.13,0
1,2017,34,16686.32,22,32.8,2.89,1.13,0
1,2017,35,19072.05,22.8,33.6,2.77,1.13,0
1,2017,36,22230.58,22.4,33.6,3.04,1.13,0
1,2017,37,19032.34,22,33.6,2.76,1.13,0
1,2017,38,21654.66,24.2,34.4,2.34,1.22,0
1,2017,39,21367.13,23,33.8,2.56,1.16,0
1,2017,40,22280.66,23,34.8,2.52,1.27,0
1,2017,41,18370.06,22.6,33.2,2.68,1.11,0
1,2017,42,17938.33,24.6,33.2,2.91,1.03,0
1,2017,43,16161.34,24,33.8,2.98,1.01,0
1,2017,44,15049.2,24.2,32,2.75,1.03,0
1,2017,45,16067.22,23,33,2.55,1.05,0
1,2017,46,16776.12,23.8,33.5,2.7,1.11,0
1,2017,47,18424.46,24.2,34.4,2.66,1.06,0
1,2017,48,14146.03,22.8,33.6,2.86,1.04,0
1,2017,49,18338.12,24.2,34.4,2.64,1.13,0
1,2017,50,13225.58,23.3,34,2.53,1.2,0
1,2017,51,19456.29,24.8,34.8,2.53,1.13,0
1,2017,52,20463.95,24.4,34.2,2.72,1.13,0.3
1,2017,53,11761.16,23.8,32.8,2.93,1.44,21.7
1,2017,54,12372.49,21,30.2,2.9,1.24,2.1
1,2017,55,17546.32,22,32.8,2.82,1.05,0
1,2017,56,18607.51,23,33.2,2.98,1.09,0
1,2017,57,16991.98,23.2,33.4,2.9,1.12,44.8
1,2017,58,10623.98,21.6,29.8,2.93,1.25,6
1,2017,59,22637.27,21,33,2.65,1.13,0
1,2017,60,21748.77,24,33,2.71,1.26,0
1,2017,61,21626.16,23.4,32.8,2.8,1.5,0
1,2017,62,18409.78,21.2,32.6,2.44,1.52,0
1,2017,63,10537.64,22.4,32.6,2.76,1.08,0
1,2017,64,9523.08,20,34.02,3.07,0.99,1.3
1,2017,65,13096.06,20.4,32.15,2.89,0.86,6.2
1,2017,66,10587.72,22.6,30,3.08,1.08,10.6
1,2017,67,11497.64,23.6,27.8,3.14,0.83,11
1,2017,68,11922.62,21.4,31.8,2.89,1.13,0
1,2017,69,12405.3,22.8,31.8,2.75,0.87,0
1,2017,70,10969.37,22,32.6,3.03,0.93,6.3
1,2017,71,11929.03,22.6,32.75,3.79,0.71,27.5
1,2017,72,17776.87,21.6,32,3.16,0.92,0
1,2017,73,20590.01,22,33,3.19,1.1,0
1,2017,74,21993.13,24,33.2,2.97,0.98,0
1,2017,75,21298.91,23.8,33.2,2.83,1.15,0
1,2017,76,20661.68,25,32.8,2.83,1.1,0
1,2017,77,15834.09,25,31.03,2.79,0.85,0.2
1,2017,78,8908.29,23.1,32.2,3.07,1.01,0.1
1,2017,79,6904.21,22.3,32.2,3.25,0.69,0
1,2017,80,13229.04,23,32,3.27,0.79,21
1,2017,81,7386.02,22.4,33.01,3.68,1.12,11.5
1,2017,82,15973.97,22,30.6,3.11,1.2,0.4
1,2017,83,19273.24,21.8,31.4,3.07,0.79,0
1,2017,84,16161.34,24.3,31.2,3.26,0.84,0
1,2017,85,9896.95,24,30.8,3.18,1.1,59.2
1,2017,86,17463.43,21.4,32,3.1,1.04,0.5
1,2017,87,19276.69,22.2,32.6,3.1,0.89,0.5
1,2017,88,13099.52,22,32.6,3.17,1.12,0
1,2017,89,19668.7,22.2,32.4,2.97,1.01,16.5
1,2017,90,16847.79,22.4,31.8,3.16,1.08,16
1,2017,91,15049.2,23.2,31.8,3.38,1.28,25
1,2017,92,23349.62,22,33,3.02,1.05,0
1,2017,93,22986.11,23.4,34.2,2.57,0.99,0
1,2017,94,21845.48,24,33,2.63,1.26,0
1,2017,95,20888.77,23,33.6,2.56,1.15,0
1,2017,96,18722.35,23.8,33.2,2.69,1.1,0
1,2017,97,17215.62,24.6,33.6,2.77,0.88,0
1,2017,98,17046.38,24.4,33.6,2.87,1.04,0
1,2017,99,13071.02,25.4,30.31,3.03,0.97,0
1,2017,100,7292.76,24.2,31.78,3.49,0.82,2.3
1,2017,101,11678.27,23.8,31.2,3.07,0.64,0
1,2017,102,6734.97,23.8,31,3.44,0.98,3.9
1,2017,103,18808.7,22.2,31.4,3.16,1.23,97.2
1,2017,104,7620.01,22,27.4,3,0.85,2.6
1,2017,105,14585.53,23.87,30.2,3.21,0.89,3.1
1,2017,106,6482.84,22.29,31,3.13,1.01,0
1,2017,107,15240.03,23.4,31.2,3.09,0.69,0
1,2017,108,10908.06,22.94,31,3.33,0.89,21.1
1,2017,109,18028.13,22.05,31.2,3.07,0.73,0
1,2017,110,18376.97,21.38,32.4,3.15,0.92,54
1,2017,111,8476.56,22.71,26.8,2.92,0.79,0.2
1,2017,112,21334.31,23.07,32.4,3.19,0.91,2.4
1,2017,113,17365.86,22.51,31.31,3.06,1.02,6.2
1,2017,114,17312.33,23.8,31.5,3.14,1.12,0
1,2017,115,22439.54,24,33.6,3.18,0.92,61.1
1,2017,116,11214.59,22.2,30.6,3.17,1.37,12
1,2017,117,21510.46,22,33.6,2.99,1.09,63
1,2017,118,17491.93,21.4,30.2,2.96,1.25,0.3
1,2017,119,13811.87,23.1,29.8,3.19,0.95,48
1,2017,120,10919.29,22.2,29,3.01,1.03,6.2
1,2017,121,17668.07,22.3,30.2,3.08,1.05,32
1,2017,122,13368.92,21.6,29.4,2.99,0.85,0
1,2017,123,12516.13,22.8,29,3.05,1.14,31
1,2017,124,23853.02,22.83,30.6,3.04,0.93,70.9
1,2017,125,8684.66,22.2,29.6,3.13,1.24,70
1,2017,126,16027.5,22,30.4,3.02,0.71,0
1,2017,127,14386.93,22,31,3.23,0.99,6.8
1,2017,128,11951.98,22.4,30,3.08,0.79,13.1
1,2017,129,19995.95,23,31.2,3.08,0.81,16.4
1,2017,130,10869.21,22.8,30.6,3.3,0.87,2
1,2017,131,16430.74,22.8,30.8,3.08,0.87,0
1,2017,132,13322.29,22.2,30.6,3.14,0.95,0
1,2017,133,16873.69,23.3,32,3.15,1.11,46.6
1,2017,134,7990.44,21.3,29.96,3.16,0.94,18
1,2017,135,13426.77,21.4,31,3.25,1.08,28
1,2017,136,19683.38,21.8,30.6,3.11,0.67,0
1,2017,137,14811.75,23.2,29.6,3.22,0.94,9.3
1,2017,138,22295.34,23,32,3.09,0.97,0.1
1,2017,139,21327.41,24.4,32,3.09,1.09,0
1,2017,140,14841.11,24.3,31.45,3.16,1.02,0
1,2017,141,19179.99,23.9,32.6,3.08,0.94,2
1,2017,142,7659.73,23,27.6,2.95,0.94,8.4
1,2017,143,11775.84,21.2,31.2,3.09,0.93,1.7
1,2017,144,7670.1,23,30.2,3.36,1.04,22.2
1,2017,145,21330.86,20.8,30.8,2.89,0.71,0
1,2017,146,20334.43,23,32.2,3.08,0.74,112.2
1,2017,147,20201.46,21.73,31.73,3.08,1.21,2.1
1,2017,148,16865.92,23.54,32,3.28,0.91,0
1,2017,149,20798.97,22.1,32,3.03,1.14,28.5
1,2017,150,16150.11,21.8,30.6,3.12,0.81,0
1,2017,151,13373.23,22.6,30,3.06,0.82,3
1,2017,152,15171.82,22.8,29.6,3.05,1.01,1.7
1,2017,153,16113.85,23,31.8,3.16,0.94,0
1,2017,154,10005.75,20.74,31.8,3.17,0.86,2.4
1,2017,155,9915.09,21.5,31.4,3.39,0.98,23
1,2017,156,21234.15,22.4,32,2.91,0.79,0.2
1,2017,157,12415.66,23.6,32,3.44,1.04,78
1,2017,158,7835.88,22.2,28.6,3.04,0.99,9.5
1,2017,159,7929.13,22.3,28.6,3.03,0.86,0
1,2017,160,15125.19,22.21,31.4,3.1,0.92,11.5
1,2017,161,18916.63,22.1,31.8,2.99,0.89,0
1,2017,162,15085.47,22.1,31.8,3.31,0.92,33.3
1,2017,163,12545.18,22.2,29.8,3.31,0.88,58
1,2017,164,6932.7,22,27,3.03,0.65,6.8
1,2017,165,16391.02,22.2,30.8,3.24,0.83,12
1,2017,166,12121.22,22.6,29.2,3.28,1.32,11.2
1,2017,167,18708.54,21.8,31,2.95,0.94,0
1,2017,168,6670.21,22.1,29.4,3.18,0.75,0.5
1,2017,169,19006.43,22.3,31.4,3.08,0.98,2
1,2017,170,13944.84,23,31.2,3.23,0.9,1.6
1,2017,171,9735.49,22.6,31.4,3.44,0.7,0.1
1,2017,172,14376.57,21.8,29.4,2.92,1.1,3.7
1,2017,173,14984.45,21.8,30,2.92,1.23,1.9
1,2017,174,17707.79,21.8,30.6,2.95,0.89,9.2
1,2017,175,8821.95,20.6,29.4,2.99,0.91,0
1,2017,176,16053.41,22.3,30.8,3.08,0.74,12.3
1,2017,177,6587.32,22.1,29,3.23,0.85,8
1,2017,178,14703.82,22,30.2,3,0.73,3.6
1,2017,179,20543.39,21.8,31.4,3.08,0.83,0.2
1,2017,180,15067.34,22.8,28.8,3.04,0.79,39.9
1,2017,181,14469.82,21.8,30.2,2.91,0.97,19.2
1,2017,182,9839.96,21.6,30.6,3.05,1.01,17.5
1,2017,183,9361.61,19,30.6,3.04,1.01,1.5
1,2017,184,15829.77,19,30.4,3.03,1.01,15.3
1,2017,185,20780.84,19,30,2.72,1.01,0
1,2017,186,14228.92,21.4,29.6,2.91,0.94,0
1,2017,187,14822.98,23,29.6,3.08,1.05,16
1,2017,188,16139.75,21.4,30.6,3.02,0.94,0
1,2017,189,11282.8,22,30.6,3.12,0.97,18.6
1,2017,190,13581.33,21.4,30.4,3.01,1.25,1
1,2017,191,13768.7,22.8,27.4,3.02,1.15,36
1,2017,192,8785.68,20.4,26.4,2.74,1.12,3.8
1,2017,193,13597.75,21,25.5,2.74,0.88,1.4
1,2017,194,17099.92,21.2,30.6,3.02,0.72,0
1,2017,195,18046.27,22.8,30.8,2.82,0.9,0
1,2017,196,15379.91,20.72,31,2.88,1.11,0
1,2017,197,13581.33,19,31,2.83,0.9,0
1,2017,198,14797.94,24.2,29.2,3.23,0.87,17.2
1,2017,199,8915.68,22.4,26,2.98,1,13.5
1,2017,200,13217.81,21,28.6,2.83,1.32,0.5
1,2017,201,12289.59,20.69,28.8,2.92,0.86,0
1,2017,202,14045.87,21,29.2,2.63,1.12,0
1,2017,203,12286.14,22,30.6,2.98,1.21,0.4
1,2017,204,11692.94,22,30.8,3.07,1.05,0.2
1,2017,205,16038.73,20,31,3,0.98,23.5
1,2017,206,9828.74,22.2,27.4,2.95,1.05,0.5
1,2017,207,8699.34,21.6,26.4,2.84,0.82,8.6
1,2017,208,12257.65,21.8,29.6,3.02,1.18,0
1,2017,209,8199.39,22,29.8,3.15,1.23,1.7
1,2017,210,7821.2,22,27.8,3.08,1.05,4.7
1,2017,211,11027.22,21.1,30,2.93,0.74,0
1,2017,212,13836.91,21,31.2,2.77,0.74,0
1,2017,213,15714.93,22.2,31,2.87,0.78,0
1,2017,214,18801.79,22.2,31.6,2.85,0.77,0
1,2017,215,17938.33,23.2,31.6,2.96,1.24,1.5
1,2017,216,10278.6,23,28.8,3.14,0.83,1.3
1,2017,217,6364.55,22.6,29.2,3.07,0.74,0
1,2017,218,17499.7,20,30.6,2.56,0.74,0.1
1,2017,219,18225.87,23,31.6,3.1,0.9,20.7
1,2017,220,16714.81,22,31.8,2.96,1.18,0
1,2017,221,20085.75,22.4,32.4,3.07,0.81,0.1
1,2017,222,10318.32,21.4,30,3.04,1.01,6.7
1,2017,223,17988.42,21.6,31,2.94,0.66,19.4
1,2017,224,19427.8,21.8,31,3.05,1.07,0
1,2017,225,23082.82,22.4,32.6,2.9,0.82,0
1,2017,226,23698.46,21.2,33,2.69,0.86,0
1,2017,227,10642.12,24.2,30.6,3.09,1.22,42
1,2017,228,11480.53,21,31,3.02,0.92,28
1,2017,229,20266.22,21.6,32.2,2.93,1.02,45.8
1,2017,230,21564.86,22,32.4,2.93,0.95,4.8
1,2017,231,13399.75,21,29.34,2.88,0.94,26.6
1,2017,232,16895.28,21,32.4,2.89,0.87,0
1,2017,233,19021.11,21,32.4,3.22,0.79,0.5
1,2017,234,18079.08,22.6,31,2.96,1.52,0
1,2017,235,23050.87,21,31.6,2.72,0.77,0
1,2017,236,12311.18,22.4,28,2.77,0.99,0.8
1,2017,237,16398.79,22.2,32,2.93,0.91,0
1,2017,238,23766.67,22.8,32.6,3.02,0.88,0
1,2017,239,14052.77,22,32.8,3.11,0.94,0.3
1,2017,240,16340.94,22.8,32.4,3.11,0.87,4.8
1,2017,241,11062.62,23,29.8,3.24,1.09,24.8
1,2017,242,20319.75,21,31.2,2.91,0.93,1.7
1,2017,243,21981.91,22.4,32.4,2.85,1.1,0
1,2017,244,22698.58,22.2,32.4,2.84,0.88,0
1,2017,245,11214.59,22.8,32,3.38,1.01,4.5
1,2017,246,18794.88,22.2,32.4,2.99,0.81,0
1,2017,247,24075.79,21.4,33.2,2.73,0.9,7.3
1,2017,248,21895.56,21.2,32,2.93,1.21,0
1,2017,249,20960.44,22.4,32.2,2.98,1.11,0
1,2017,250,22104.52,21.6,33,2.81,1.04,2.5
1,2017,251,9177.69,23,28.6,3.05,0.95,0
1,2017,252,13994.92,23,31.4,3.11,0.76,0
1,2017,253,19615.17,21,33.2,2.88,0.99,0
1,2017,254,20395.74,21.4,32.5,2.86,0.88,0.1
1,2017,255,8908.29,22.8,30.4,3.05,0.92,0
1,2017,256,16372.89,23.2,32,3.06,1.02,0
1,2017,257,11973.57,23,31.8,3.11,1.03,0.4
1,2017,258,11271.58,22.6,27.6,2.96,0.86,9
1,2017,259,13898.22,21.3,31.6,3.15,1.07,4.3
1,2017,260,20262.76,21.6,31.4,2.85,0.89,15
1,2017,261,17750.96,21,31,2.87,1.57,0
1,2017,262,22431.77,20.2,32,2.9,0.88,0
1,2017,263,21355.9,23.2,32.6,3.02,0.9,0
1,2017,264,14167.61,23,32.4,3.16,0.73,0
1,2017,265,20071.94,23.8,32.6,3.2,0.98,0
1,2017,266,11977.02,20.3,33.02,2.75,0.96,13.6
1,2017,267,6861.04,21,32.1,3.3,1.02,3
1,2017,268,23539.58,20.8,31,2.95,0.63,6.8
1,2017,269,17017.03,21.8,29.8,2.98,0.79,9.6
1,2017,270,24194.95,22,32.4,3.01,1.04,0
1,2017,271,18204.28,23.2,32,3.14,1.14,7.3
1,2017,272,15859.13,21.4,31,3.07,1.05,12
1,2017,273,14247.05,22.1,31,3.06,0.78,8.5
1,2017,274,12423.43,21.4,31.6,3,1,0
1,2017,275,24176.82,23.4,32.2,3.13,0.99,0
1,2017,276,19837.94,23,32.8,3.13,0.98,27
1,2017,277,7440.42,22,27.8,2.88,1.26,0
1,2017,278,20067.62,21.6,30,2.9,0.94,0
1,2017,279,14055.76,20.6,30.6,2.96,1.14,12
1,2017,280,11764.61,20,30.6,2.85,0.81,0
1,2017,281,23021.51,21.1,31.8,2.85,0.82,0
1,2017,282,16935.86,22.2,31.6,2.91,0.85,12.2
1,2017,283,20283.49,21,32.2,2.95,0.8,38
1,2017,284,19287.92,20.8,29.6,2.87,1.01,0
1,2017,285,21814.4,21,32.8,2.87,0.77,25
1,2017,286,7560.44,20.6,30.6,3.06,1.01,21.8
1,2017,287,6901.62,23,32,3.37,0.92,4.1
1,2017,288,12692.83,23.2,32.4,3.5,0.8,2.5
1,2017,289,20500.21,22.3,30.6,3.15,0.79,1.3
1,2017,290,22921.35,22,32.2,2.98,0.94,3.9
1,2017,291,25031.64,22.6,32.2,3.07,1.27,0
1,2017,292,22010.85,22.2,32.2,2.95,0.94,0
1,2017,293,9418.6,23,32,3.03,0.94,10.7
1,2017,294,16703.59,21,32.2,2.92,0.94,54.6
1,2017,295,19396.71,21,32.2,2.92,0.94,0
1,2017,296,17251.02,22.4,31,3.06,0.94,0
1,2017,297,14229.78,22.4,31.2,3.03,0.94,0
1,2017,298,17840.76,22.4,29.8,3,0.94,0
1,2017,299,21564.86,23,31.4,3.05,0.94,0
1,2017,300,19441.96,23,32.2,3.02,0.94,4.5
1,2017,301,21170.26,22.8,32.4,2.98,0.94,39
1,2017,302,11885.5,22,32,3.18,0.82,16.7
1,2017,303,16520.38,21.4,30.8,3.02,0.94,5
1,2017,304,13561.47,22,32.2,3.07,0.95,0
1,2017,305,20319.75,22.2,31.8,3.05,1.04,0
1,2017,306,17501.17,23,33.02,3.04,0.95,0
1,2017,307,17588.12,20.2,32.6,3,1.3,40
1,2017,308,7665.78,21,32.6,3.52,0.86,1.5
1,2017,309,13368.05,22.2,32.5,3.28,0.7,0
1,2017,310,25274.27,21,32.2,3.12,1.05,0
1,2017,311,18517.2,21.6,32.2,2.95,0.94,0
1,2017,312,22518.11,23.2,32.8,2.97,0.78,0
1,2017,313,22554.38,23.2,32.4,2.93,1.02,0
1,2017,314,21101.18,24,33,3.24,1.03,11.5
1,2017,315,12375.94,23.2,32.6,3.37,1.06,0.9
1,2017,316,15718.38,22.8,32.4,3.06,0.93,0
1,2017,317,17797.59,23.8,31.8,3.06,0.85,0
1,2017,318,8803.82,22.6,29,3.09,1.05,0
1,2017,319,17556.69,22.4,31.8,2.98,0.96,40.6
1,2017,320,15446.4,22.2,29.8,2.88,0.78,3.2
1,2017,321,14473.28,23,31,3.14,1.2,10
1,2017,322,15905.76,23,32,3.22,0.86,0.5
1,2017,323,14160.71,20,32,2.97,0.82,0
1,2017,324,18899.36,22,31.6,2.99,0.93,0
1,2017,325,21608.03,22,32.6,2.89,0.84,0
1,2017,326,21129.67,22.4,32.4,2.81,1.03,0
1,2017,327,15509.43,23,33,3.1,1.16,0.9
1,2017,328,19726.56,21.8,32.4,3.04,1.17,16
1,2017,329,16118.17,21.4,32.4,3.07,0.94,0
1,2017,330,10447.84,23.6,32.4,3.27,0.92,0.3
1,2017,331,14482.78,23.2,31.4,3.13,1.07,0
1,2017,332,19888.02,23,32.2,3.16,0.79,0
1,2017,333,21140.04,22.4,32.6,2.9,0.96,0
1,2017,334,20859.41,23,32.4,2.99,0.89,0
1,2017,335,21179.75,23.6,32.4,3.01,0.97,0
1,2017,336,20291.26,24,32.6,3.07,1.04,0
1,2017,337,16917.46,23.2,32.8,2.94,0.92,20
1,2017,338,12541.72,23,30.8,3.17,1.1,0
1,2017,339,19780.09,21.8,32.3,2.92,1.06,0
1,2017,340,18042.81,22.2,33.2,2.8,1.05,0
1,2017,341,13894.76,24,32.2,3.13,0.83,0
1,2017,342,15743.42,21,31.8,2.73,1.06,0
1,2017,343,18909.72,20.3,31.8,2.68,0.9,0
1,2017,344,19122.14,21.6,33,2.89,0.89,0
1,2017,345,15328.97,22.8,32,2.95,0.88,0.8
1,2017,346,14302.4,23.6,29.4,3.11,0.98,0.5
1,2017,347,18913.21,21.6,31.4,2.77,0.83,1.1
1,2017,348,19662.86,22.6,33,2.8,0.96,0
1,2017,349,13390.35,21.4,28.8,2.84,0.96,3.2
1,2017,350,17933.22,21.2,31.4,3,0.96,0
1,2017,351,17949.22,22,32.2,2.93,0.96,0
1,2017,352,17806.38,21.6,32.4,3.08,0.96,0
1,2017,353,20137.9,19.16,32.2,2.8,0.96,0
1,2017,354,14133.17,23.6,31.2,3.03,0.96,0
1,2017,355,16804.18,23.4,31.2,3.07,0.96,8
1,2017,356,14710.44,23.2,33,2.99,0.96,0
1,2017,357,14710.44,23.2,33,2.99,0.96,0
1,2017,358,17819.99,24,33.2,2.83,0.96,0
1,2017,359,17578.02,23,31.6,3.03,0.96,0
1,2017,360,17445.91,20,32.2,2.88,0.96,0
1,2017,361,17757.08,23.4,33.4,2.97,0.96,0
1,2017,362,18611.01,22.8,33,2.91,0.96,0
1,2017,363,17102.69,21.08,32,2.88,0.96,20.7
1,2017,364,20501.25,22,33,2.89,0.96,0
1,2017,365,18526.28,22,31.9,3.12,0.96,6
