*-----------------------------------------------------------
*  Station Name: VVME
*  DSSAT Weather file - by https://github.com/jrodriguez88
*  Longitude: -73.475773 -- Latitude: 4.029664 -- Elevation: 315m
*-----------------------------------------------------------
*  Date: 2012-01-01 : 2021-12-31
*
*  Column    Daily Value
*     1      Station number
*     2      Year
*     3      Day
*     4      irradiance         KJ m-2 d-1
*     5      min temperature            oC
*     6      max temperature            oC
*     7      vapor pressure            kPa
*     8      mean wind speed         m s-1
*     9      precipitation          mm d-1
*-----------------------------------------------------------
-73.475773,4.029664,315,0,0
1,2015,1,18387.47,21.4,32.05,2.6,1.45,0
1,2015,2,15795.19,20.6,31.17,2.35,1.86,0
1,2015,3,16095.51,21.2,31.06,2.26,1.83,0
1,2015,4,19351.99,22.2,33.83,2.61,1.79,0
1,2015,5,17958.68,20.4,33.33,2.51,2,0
1,2015,6,17111.22,20,33.68,2.31,2.34,0
1,2015,7,18285.8,20.2,32.58,2.13,2.17,0
1,2015,8,12969.75,23,28.98,2.41,1.35,0
1,2015,9,20249.75,23.2,32.44,2.89,1.5,0.8
1,2015,10,20542.44,21.2,32.94,2.64,1.78,0.6
1,2015,11,17126.03,23,34.01,3.47,1.26,1.1
1,2015,12,15860.73,23,31.53,2.64,2.29,0
1,2015,13,18029.3,22.2,32.54,2.45,1.66,0
1,2015,14,16980.22,24.4,33.84,2.74,1.66,0
1,2015,15,15580.97,24,32.13,2.91,1.92,1.8
1,2015,16,18712.27,23,33.17,3.1,1.62,0
1,2015,17,12971.23,24,32.19,3.51,1.6,34.7
1,2015,18,15994.24,22.2,30.27,2.98,1.62,1.4
1,2015,19,18809.61,22.4,33.11,3.07,1.9,2.6
1,2015,20,13512.9,22.4,33.17,3.56,1.16,10.4
1,2015,21,16665.03,22.2,34.02,3.33,1.65,1.5
1,2015,22,12679.96,22.2,32.87,3.58,0.94,17
1,2015,23,15413.53,21.8,33.44,3.54,1.25,0.2
1,2015,24,15312.44,23,31.34,3.22,1.55,2.9
1,2015,25,18965.11,20.64,32.44,2.68,1.84,0.2
1,2015,26,18723.01,23.2,32.58,2.72,1.41,0
1,2015,27,17689.68,24,33.46,2.72,1.42,0
1,2015,28,16504.99,24.2,33.79,2.82,1.74,0
1,2015,29,16369.38,23.6,34.06,2.68,1.66,0
1,2015,30,18745.76,22.8,34.12,3.03,1.66,0.3
1,2015,31,18116.9,22.2,33,3.23,1.66,33.4
1,2015,32,19369.7,21,34.59,3.7,1.42,6.4
1,2015,33,17699.93,21.2,35.52,3.49,1.58,0.2
1,2015,34,18855.43,22.2,34.39,3.63,1.29,1.8
1,2015,35,16362.54,22.4,33.57,3.09,1.75,0
1,2015,36,19090.21,22.2,33.51,2.77,1.43,0
1,2015,37,16067.05,24.4,34.05,3.2,1.23,0
1,2015,38,18995.18,24.2,34.47,3.07,1.42,0
1,2015,39,15875.16,24.2,33.53,3.15,1.4,0
1,2015,40,16219.66,24.4,32.6,2.84,1.46,0
1,2015,41,13386.66,25.34,32.8,2.73,1.18,0
1,2015,42,16159.94,23.4,32.4,3.09,1.57,0
1,2015,43,13365.39,23.6,28.4,3.05,1.1,0
1,2015,44,18943.21,23,32.6,3.26,1.23,0
1,2015,45,14999.52,23.2,33.8,3.18,1.58,19.1
1,2015,46,15197.51,22.6,34,3.22,1.31,0
1,2015,47,18808.51,21.6,33.6,2.67,1.55,0
1,2015,48,15124.02,24.2,32.4,2.53,1.5,0
1,2015,49,18311.4,23.8,34.6,2.64,1.56,0
1,2015,50,19133.74,23.4,32.8,2.65,1.76,0
1,2015,51,15766.99,25,33.6,2.8,1.85,0
1,2015,52,18934.92,22,34.2,2.44,1.77,0
1,2015,53,19852.15,22.39,33.6,2.47,2.1,0
1,2015,54,18494.18,22.6,34.2,2.55,1.65,0
1,2015,55,18875.16,22.4,34.4,2.47,1.75,0
1,2015,56,16102.09,24.6,33.8,2.77,1.54,0
1,2015,57,17830.72,22.8,33.6,2.7,1.41,0
1,2015,58,16177.86,24,32.8,2.79,1.52,0
1,2015,59,19889.37,22.4,32.8,2.93,1.52,9
1,2015,60,20619.36,21.2,33.4,2.87,1.96,0
1,2015,61,17993.28,22.8,33.8,2.43,1.82,0
1,2015,62,16493.9,24.2,31.8,2.68,1.5,0
1,2015,63,16970.82,24,35.2,2.58,1.94,0
1,2015,64,17896.26,25,34.8,2.48,1.52,0
1,2015,65,13338.52,24.2,31.4,2.52,1.5,0
1,2015,66,11976.84,24.2,30.2,2.93,1.32,3.2
1,2015,67,16897.18,22.8,33.2,2.67,1.37,0
1,2015,68,14217.89,22.8,31.2,2.58,1.48,0
1,2015,69,15436.92,23.8,30.2,2.57,1.29,0.4
1,2015,70,18619.28,24,32.6,2.84,1.48,0
1,2015,71,17727.59,23.8,34.4,2.83,1.4,0
1,2015,72,16941.54,24.6,35.2,2.77,1.53,0
1,2015,73,17188.42,25.2,34.4,2.65,1.49,0
1,2015,74,15664.67,24,35.8,2.57,2.11,0
1,2015,75,16942.73,23.8,36.2,2.62,1.94,6.7
1,2015,76,15039.66,23.4,30.2,3.19,1.51,9.8
1,2015,77,12622.24,23.6,25.2,3,0.86,1.5
1,2015,78,9153.5,22.8,26.2,2.92,1.34,10.3
1,2015,79,13133.73,22.4,32,3.28,1.29,12.5
1,2015,80,16787.31,22.2,32,3.06,1.11,0
1,2015,81,18212.61,22.4,32.6,2.99,1.73,0.5
1,2015,82,19701.26,22.2,32.8,2.89,1.8,0
1,2015,83,19673.68,22,32.8,2.87,1.25,0
1,2015,84,18266.87,23.6,34.6,2.86,1.29,0
1,2015,85,16382.02,24.6,33.8,2.84,1.24,0
1,2015,86,13218.02,24,32.14,2.56,1.63,0
1,2015,87,16247.3,24.8,34.6,3.08,1.95,0
1,2015,88,11385.87,24,29,3.28,1.31,37
1,2015,89,16028.74,20.8,31.4,3.04,0.92,0
1,2015,90,17005.62,22.8,31.8,2.8,1.26,0
1,2015,91,18440.46,22.4,33.6,2.84,1.66,30
1,2015,92,15307.49,22.4,33.6,3.53,1.56,12.5
1,2015,93,9547.45,22.8,27.2,3.06,1.15,9.2
1,2015,94,16553.94,22.6,31.2,2.96,1.39,0
1,2015,95,20139.03,22.4,33.6,3.02,1.4,0
1,2015,96,18656.31,22.4,33.2,2.93,1.9,4.4
1,2015,97,14126.7,23.2,29,3.05,1.56,0.5
1,2015,98,14550.91,22.8,31.4,3.21,1.31,4.3
1,2015,99,17378.76,22.6,31.6,3.15,1.19,0
1,2015,100,14178.1,23.4,30.2,3.1,1.1,2.9
1,2015,101,13076.14,22.4,28.3,2.94,1.08,7.4
1,2015,102,17866.96,21.8,32,2.81,1.47,13.4
1,2015,103,15483.35,22.6,32,3.11,1.42,4
1,2015,104,15761.29,22.4,30.6,3.13,1.26,0.5
1,2015,105,18329.49,23,32.2,3.22,1.82,22
1,2015,106,11159.91,21.2,32.2,3.32,1.47,0.7
1,2015,107,10769.39,23,30.84,3.38,0.92,15.5
1,2015,108,18327.44,22.6,32.2,3.18,1.38,23.1
1,2015,109,19093.51,22.4,31.6,2.97,1.18,1.2
1,2015,110,15502.92,22,29.8,2.98,1.3,10.3
1,2015,111,19271.37,21.8,31.8,3.01,1.42,0
1,2015,112,14631.36,23.4,31.8,3.13,1.39,1.1
1,2015,113,9697.64,23.2,27.4,2.97,1.36,0
1,2015,114,17571.48,22.4,31.4,3.03,1.19,36.4
1,2015,115,12860.45,21,31.2,3.31,1.18,15.6
1,2015,116,17565.68,21,31.2,2.95,1.03,0
1,2015,117,19662.88,22.4,32.4,3.1,1.48,11.5
1,2015,118,19731.69,22.2,32.4,3.06,1.92,0
1,2015,119,17391.01,23,33,3.22,1.59,2.1
1,2015,120,17529.57,23.4,32.6,3.21,1.6,5
1,2015,121,15460.22,23.2,32.4,3.13,1.45,0.6
1,2015,122,14343.23,22.4,31.27,3,1.4,0
1,2015,123,17015.88,22.4,32.6,2.68,1.51,0
1,2015,124,18533.54,22.6,33.4,2.67,2.03,0
1,2015,125,16224.09,24.2,31.8,3.08,1.19,0
1,2015,126,16366.98,22.8,31.6,2.98,1.45,0
1,2015,127,15764.4,23.2,32.2,3.16,1.35,24
1,2015,128,11099.17,22.4,28.6,3.16,1.01,7.5
1,2015,129,16136.15,22,31.4,3,1.03,1.7
1,2015,130,20037.41,22.2,32.2,2.99,1.53,0
1,2015,131,17908.19,22.2,33,2.87,1.65,0
1,2015,132,14526.4,24.2,31.6,3.24,1.5,8.9
1,2015,133,11867.19,23.2,30.6,3.25,1.29,26.2
1,2015,134,8938.05,22.8,26.2,2.92,1.05,3.2
1,2015,135,15418.97,22.6,30.6,3.16,1.13,8.7
1,2015,136,17220.1,22.6,31.8,3.15,1.37,33.4
1,2015,137,12095.21,22,30.6,3.23,1.48,72.8
1,2015,138,12791.03,21.6,30.6,3.32,1.06,1.6
1,2015,139,11536.69,22,29.2,3.06,1.07,0.3
1,2015,140,12898.19,22.6,32,3.3,1.17,0.2
1,2015,141,17421.25,22.2,32,3.13,0.92,5.5
1,2015,142,13546.3,22,30,3.06,1.17,30.2
1,2015,143,14818.02,21.4,30.4,3.07,1.11,0
1,2015,144,18801.07,21.4,31.8,2.99,1.24,30
1,2015,145,10819,22.6,30.2,3.26,1.3,15
1,2015,146,16354.89,22.4,31.8,3.14,1.2,0.6
1,2015,147,16145.45,23,30.6,3.05,1.43,1.7
1,2015,148,13375.43,22.2,29.4,3.02,1.09,0.1
1,2015,149,13343.59,23,29.6,2.99,1.03,1.7
1,2015,150,12686.79,22.4,29.6,3.25,0.98,13
1,2015,151,15438.29,21.8,30.4,3.01,1.2,12
1,2015,152,10995.7,22.4,30.2,3.26,1.09,7.3
1,2015,153,9173.48,23,27,3.08,1.03,27.8
1,2015,154,13025.25,22.2,29.8,3.05,1.12,0
1,2015,155,11487.87,22.6,28.2,3.15,1.16,9.4
1,2015,156,15638.6,21.4,30,2.89,1.51,0
1,2015,157,18129.35,21.8,31.6,2.94,1.18,0
1,2015,158,11998.22,22.2,30.27,3.38,1.18,23.2
1,2015,159,12483.7,21.6,31.6,3.31,0.75,0
1,2015,160,13550.13,22.4,31,3.18,1.31,4.3
1,2015,161,16414.18,22,30.2,2.98,1.02,55
1,2015,162,11410.79,21.4,25.2,2.81,0.9,30
1,2015,163,18608.75,21.2,31,2.88,1.25,72.7
1,2015,164,14764.18,20.65,29.8,3.06,1.57,6
1,2015,165,9826.05,22.2,28.8,3.12,1.31,9.4
1,2015,166,12120.27,22.4,29.2,3.23,1.24,6
1,2015,167,11573.9,22,29.2,3.05,1.19,0.8
1,2015,168,16565.94,22,30.2,2.99,1.24,0.5
1,2015,169,12777.58,22.2,32,3.4,1.5,7.2
1,2015,170,16146.51,21.8,30.8,3.02,1.27,2.5
1,2015,171,17954.11,21.4,31.7,2.98,0.99,0
1,2015,172,11911.95,21.2,29.2,3.15,1.04,57
1,2015,173,9039.5,21,27.2,2.95,1.18,9.3
1,2015,174,11033.15,21.6,30,3.22,1.18,5.2
1,2015,175,12536.11,21.4,29.4,2.86,1.18,4.1
1,2015,176,12944.25,21.4,26,2.82,1.18,4.7
1,2015,177,8780.56,22,27,2.99,1.18,26.1
1,2015,178,12331.41,21.6,26.4,2.84,1.18,3
1,2015,179,8945.41,21.6,26,2.85,1.18,6
1,2015,180,12136.15,21.6,27.8,2.86,1.18,6.8
1,2015,181,14214.14,21.2,30.2,2.98,1.18,0.2
1,2015,182,13272.27,22.6,30.2,3.02,-99,2.7
1,2015,183,14434.28,22.2,31.2,3.14,-99,2.2
1,2015,184,17609.73,22.4,31.4,3.04,-99,0
1,2015,185,14897.52,23.2,31.6,3.17,-99,8
1,2015,186,12743.51,22.8,31.8,3.43,-99,7
1,2015,187,13630.89,22,29.2,2.99,-99,13
1,2015,188,12760.8,22.4,30,3.08,-99,8.7
1,2015,189,15838.69,22.2,31.4,2.95,-99,0
1,2015,190,15807.87,23,31.6,3,-99,25
1,2015,191,9423.43,22.4,26,2.81,-99,18.7
1,2015,192,11831.77,22.2,29.4,2.88,-99,30.8
1,2015,193,11668.52,21.4,29.2,3.14,-99,9
1,2015,194,16850.47,20.8,30.4,3.02,-99,0
1,2015,195,16022.28,22,30.8,3.01,-99,0.7
1,2015,196,15284.16,22.8,31.8,3.22,-99,0
1,2015,197,15319.49,23,31,2.97,-99,1.7
1,2015,198,16739.8,22,31.6,3.04,-99,29.5
1,2015,199,14616.58,22,31.4,3.14,-99,1.5
1,2015,200,14124.38,22.2,31.2,3.18,-99,14.7
1,2015,201,10721.68,21.4,31.4,3.36,-99,0.2
1,2015,202,13868.09,22,28.2,2.87,-99,8.9
1,2015,203,9054.71,21.8,27.6,3.07,-99,6.1
1,2015,204,11748.47,22.4,28.4,3,-99,13.8
1,2015,205,11155.1,22.2,29.6,3.14,-99,8.2
1,2015,206,14900.2,22,30.6,3.05,-99,0
1,2015,207,16063.46,22.2,30.2,2.98,-99,5.5
1,2015,208,12227.96,22.4,31.43,3.54,-99,11.5
1,2015,209,13650.82,21.8,29.8,3.04,-99,14.8
1,2015,210,15592.55,22.6,31,3.09,-99,6.9
1,2015,211,8805.89,22.2,26,2.95,-99,41
1,2015,212,15170.14,21.6,29.4,2.91,-99,0.1
1,2015,213,13258.95,22,29.6,3.02,-99,0.3
1,2015,214,14599.43,21.6,29.6,2.98,-99,0.5
1,2015,215,16263.29,22,31,3.02,-99,2.7
1,2015,216,14071.47,22.8,31.2,3.31,-99,2.7
1,2015,217,19364.33,22.2,32.4,3.08,-99,13.4
1,2015,218,17339.31,22,31.8,3.13,-99,0
1,2015,219,16013.76,22.4,32,3.1,-99,63.8
1,2015,220,15682.35,20.8,31.8,3.08,-99,0.4
1,2015,221,17748.83,20.6,31.8,2.99,-99,0
1,2015,222,13119.52,21.6,29.2,2.91,-99,3.7
1,2015,223,18858,21.4,31.8,2.99,-99,0.1
1,2015,224,18719.58,22.6,32.8,3.19,-99,0
1,2015,225,11979.8,21,27.2,2.67,-99,0.4
1,2015,226,12970.29,22.8,27.2,3.05,-99,10.5
1,2015,227,12582.75,22,29.2,3.01,-99,14.9
1,2015,228,9199.97,21.8,26,2.87,-99,5.9
1,2015,229,14935.48,21.4,30.2,2.97,-99,0.5
1,2015,230,12636.33,21,31.4,3.29,-99,0
1,2015,231,10348.13,22.8,27,3.02,-99,3.7
1,2015,232,16811.04,22.4,31.2,3.08,-99,1.9
1,2015,233,17083.05,22.6,31.6,3.03,-99,0.3
1,2015,234,12106.84,22.2,31.3,3.22,-99,6.2
1,2015,235,15833.36,22.8,31,3.09,-99,2.5
1,2015,236,16890.15,22.4,30.3,3.06,-99,0.4
1,2015,237,16135.24,23,31.4,2.91,-99,1.3
1,2015,238,17847.31,22.2,31.8,2.98,-99,0.4
1,2015,239,10844.77,23.2,27,3.04,-99,60
1,2015,240,19047.99,21.2,32.1,2.99,-99,0
1,2015,241,19941.35,21.8,33.2,2.99,-99,0
1,2015,242,17687.49,21.4,32.2,3.16,-99,0
1,2015,243,11855.62,21.4,27.2,2.85,-99,1.2
1,2015,244,17731.12,21.2,31.6,2.91,-99,57.8
1,2015,245,12388.58,21.2,31.4,3.18,-99,3.5
1,2015,246,17825.58,20.6,31.4,2.71,-99,0
1,2015,247,14907.84,23.2,31.8,3.11,-99,0
1,2015,248,16978.62,23.4,31.4,3.04,-99,54.9
1,2015,249,11940.12,21.2,31.6,3.35,-99,6.6
1,2015,250,16904.07,21.6,31.6,3.03,-99,0
1,2015,251,24316.7,23.2,32.4,3.03,-99,0
1,2015,252,10005.75,23.2,32.4,3.39,-99,22.3
1,2015,253,14577.76,21.6,30.8,3.08,-99,34
1,2015,254,10480.65,21.6,32.4,3.38,-99,3.4
1,2015,255,23669.1,21,33.1,2.93,-99,0
1,2015,256,20060.71,21.6,33.2,2.95,-99,0
1,2015,257,24155.23,22.4,34.2,3.15,-99,0
1,2015,258,9577.47,22.4,28.2,2.91,-99,5
1,2015,259,18521.17,21.8,32.8,3.07,-99,0.1
1,2015,260,13355.1,24.2,31.6,3.26,-99,0
1,2015,261,7565.62,23.2,30.6,3.27,-99,3.4
1,2015,262,18956.35,23.2,32.6,3.24,-99,32.6
1,2015,263,12919.05,21.6,32.4,3.11,-99,0.4
1,2015,264,20802.42,21.4,33.2,3.34,-99,0
1,2015,265,24842.54,23,33.3,2.83,-99,0.1
1,2015,266,19351.81,23.2,32.3,2.98,-99,0
1,2015,267,20204.91,22.8,34.2,3.02,-99,0
1,2015,268,23597.44,23.8,33.6,2.84,-99,0
1,2015,269,23896.19,23.2,34,2.87,-99,0
1,2015,270,24417.72,23.4,34.2,2.91,-99,0
1,2015,271,22640.73,22.2,34.2,2.64,-99,0
1,2015,272,19402.76,22.4,33,3.15,-99,1.2
1,2015,273,18079.08,22.4,33.4,3.17,-99,12.3
1,2015,274,13437.13,22.2,31.4,3.09,-99,0
1,2015,275,17801.91,23.6,32.3,2.99,-99,4.8
1,2015,276,22878.18,22.4,32.1,3.07,-99,0
1,2015,277,19974.37,23,33.4,2.89,-99,3.8
1,2015,278,22658.86,21.8,33.4,2.87,-99,0
1,2015,279,23094.04,22.4,33.4,2.95,-99,0
1,2015,280,18589.38,23.6,31.78,3.1,-99,0
1,2015,281,22076.02,23.6,34.2,2.73,-99,0
1,2015,282,20406.1,23.6,34.2,2.73,-99,0
1,2015,283,13998.38,24.2,33.8,2.91,-99,0
1,2015,284,18693.86,23.8,33.6,2.78,-99,32.8
1,2015,285,18384.74,23.35,31.2,3.07,-99,8
1,2015,286,8644.94,22.6,30.8,3.04,-99,30
1,2015,287,15085.47,22.6,29.6,3.11,-99,0
1,2015,288,10235.43,23.6,30.4,2.97,-99,0.1
1,2015,289,12890.56,23.4,31.8,3.09,-99,51.2
1,2015,290,14351.53,20.8,31.8,3.01,-99,0
1,2015,291,13898.22,23.2,32,3.04,-99,67
1,2015,292,10484.1,21.6,31,2.92,-99,8.7
1,2015,293,22554.38,20.6,33.1,2.85,-99,0
1,2015,294,20248.08,22.6,33,2.8,-99,8.2
1,2015,295,17974.6,22.4,32.6,2.91,-99,4.8
1,2015,296,14348.08,21.6,29.6,2.99,-99,0.9
1,2015,297,10484.1,22.8,30,3.04,-99,11.6
1,2015,298,14746.99,21.4,31,2.98,-99,8.1
1,2015,299,21187.53,22.6,31.8,3.09,-99,74
1,2015,300,13239.4,21.6,32,2.92,-99,0
1,2015,301,13005.4,22.6,31.4,3.13,-99,0
1,2015,302,20374.15,23,32.4,2.93,-99,0
1,2015,303,20046.9,22,32.6,2.83,-99,0
1,2015,304,20658.23,23.2,33.2,2.98,-99,0
1,2015,305,22046.67,23.8,32.4,2.79,-99,9.9
1,2015,306,9685.41,22.4,28.4,2.95,-99,0.3
1,2015,307,19798.22,23.6,32.2,2.98,-99,40.3
1,2015,308,6778.14,21.8,32.8,2.97,-99,2.4
1,2015,309,11915.72,22.2,31,3,-99,22
1,2015,310,17913.29,22,31,2.99,-99,40.2
1,2015,311,19336.43,22.3,33.02,3.11,-99,0.7
1,2015,312,13873.18,22,31,2.99,-99,0.7
1,2015,313,15074.25,22,31.4,2.95,-99,0
1,2015,314,16859.01,22.2,31.4,2.98,-99,0
1,2015,315,16049.95,21.6,31.6,2.96,-99,0
1,2015,316,22071.71,23.6,31.8,3.08,-99,0
1,2015,317,12714.42,23.6,31,2.99,-99,12.5
1,2015,318,10044.6,22.8,31.2,3.1,-99,1
1,2015,319,12448.47,22.6,30.2,3.13,-99,5.4
1,2015,320,14049.32,22.4,30.3,3.03,-99,0
1,2015,321,11822.46,23.2,31.8,3.02,-99,0.4
1,2015,322,14804.85,22.6,31.8,3.09,-99,0
1,2015,323,21881.75,23.4,32.6,2.88,-99,0
1,2015,324,20201.46,24.6,32.4,2.75,-99,0
1,2015,325,13800.65,24.2,33,2.81,-99,0
1,2015,326,19230.07,24,33,2.79,-99,0
1,2015,327,10275.15,23.2,32.4,3.06,-99,51.4
1,2015,328,19773.18,22.2,32.2,2.95,-99,0
1,2015,329,18420.14,22.8,32.3,3,-99,3.5
1,2015,330,18042.81,22.4,32,3.02,-99,0
1,2015,331,18208.6,23.4,32.2,3.02,-99,0
1,2015,332,18773.3,22.2,32.6,2.9,-99,0.7
1,2015,333,13624.5,24.2,32.4,2.6,-99,55.5
1,2015,334,14369.66,22.8,31,3.01,-99,0
1,2015,335,11588.47,23.8,32.8,2.98,-99,0.1
1,2015,336,12782.63,23,32.8,3.02,-99,44.2
1,2015,337,18487.88,21.8,32.6,2.85,-99,9.5
1,2015,338,14970.63,22.8,29.6,3.09,-99,0
1,2015,339,17571.37,21.4,31.6,2.94,-99,0
1,2015,340,16625.02,21.2,31.8,3.04,-99,0
1,2015,341,11059.17,22,30.4,2.96,-99,0
1,2015,342,20438.91,22,32.8,2.89,-99,0.1
1,2015,343,18787.11,22,32.4,2.75,-99,0
1,2015,344,15009.49,23.4,32.4,3.06,-99,0
1,2015,345,20028.77,22.4,33.2,2.89,-99,0
1,2015,346,17542.87,22,33,2.67,-99,0
1,2015,347,13707.39,22.2,32.8,2.97,-99,0.5
1,2015,348,9174.24,21.8,31.4,3.12,-99,0
1,2015,349,15160.59,23,31.8,3.14,-99,25
1,2015,350,10645.57,23,30.4,3.25,-99,0
1,2015,351,11246.54,23.2,31.2,3.13,-99,14
1,2015,352,9131.07,22,29.2,3.04,-99,1.9
1,2015,353,12023.65,22.2,31.6,3.19,-99,0
1,2015,354,20503.67,22.2,31.4,2.77,-99,0
1,2015,355,20251.54,20.8,32.4,2.68,-99,0
1,2015,356,13735.89,22.8,31.6,2.95,-99,0
1,2015,357,20553.75,22.6,31.8,2.59,-99,0
1,2015,358,17319.24,20.4,32.2,2.88,-99,0
1,2015,359,20435.45,22.2,32.4,2.79,-99,0
1,2015,360,17189.72,21.2,32.5,2.67,-99,0
1,2015,361,20384.51,21,31.8,2.6,-99,0
1,2015,362,16150.11,21.8,31.4,2.62,-99,0
1,2015,363,12717.87,22.8,32.2,2.94,-99,0
1,2015,364,7583.75,22.6,30.2,3.25,-99,16.5
1,2015,365,12937.19,23.4,29.6,2.98,-99,0
