*-----------------------------------------------------------
*  Station Name: VVME
*  DSSAT Weather file - by https://github.com/jrodriguez88
*  Longitude: -73.475773 -- Latitude: 4.029664 -- Elevation: 315m
*-----------------------------------------------------------
*  Date: 2012-01-01 : 2021-12-31
*
*  Column    Daily Value
*     1      Station number
*     2      Year
*     3      Day
*     4      irradiance         KJ m-2 d-1
*     5      min temperature            oC
*     6      max temperature            oC
*     7      vapor pressure            kPa
*     8      mean wind speed         m s-1
*     9      precipitation          mm d-1
*-----------------------------------------------------------
-73.475773,4.029664,315,0,0
1,2021,1,19600.49,22.8,32,3.08,1.35,1.2
1,2021,2,14984.45,23,27.8,2.96,1.03,17
1,2021,3,19819.81,21.9,29,2.93,1.05,0.3
1,2021,4,17272.61,22.8,29.6,3.09,1.18,0.8
1,2021,5,16945.36,22.4,31.8,2.98,1.14,0
1,2021,6,26252.57,21.6,32.6,2.92,1.06,0
1,2021,7,17118.05,22.8,32.6,3.01,0.98,0.4
1,2021,8,15017.26,22.4,30,2.92,0.92,2.9
1,2021,9,19063.42,21.2,30.6,2.93,0.98,11
1,2021,10,13286.89,22,30.6,2.94,0.9,5.9
1,2021,11,21360.22,18.8,31,2.8,1.06,2.9
1,2021,12,20204.91,22.4,31.6,2.97,1.29,0
1,2021,13,20505.39,22.4,31.8,2.98,1.16,0
1,2021,14,22540.56,20.4,32.2,2.91,1.17,0
1,2021,15,17070.56,22,32.6,2.83,0.97,0
1,2021,16,21880.88,21.8,32,3,1.28,0
1,2021,17,20982.02,21,32.6,3.11,1.4,0
1,2021,18,18609.24,22.6,32.6,2.93,1.36,0
1,2021,19,20097.84,22.4,31.8,2.98,1.49,0
1,2021,20,23552.54,22.2,32.2,2.95,1.44,0
1,2021,21,27019.32,22,32.6,2.83,1.21,0
1,2021,22,16118.17,23.4,30.4,3.07,1.22,3.6
1,2021,23,17725.92,22.3,30.2,3.01,1.1,0.2
1,2021,24,16855.56,22.4,31.4,3.1,1.03,0
1,2021,25,16144.81,23.4,30.6,3.01,1.07,0
1,2021,26,25914.96,22.4,32.8,2.88,1.5,0
1,2021,27,18506.49,22.2,33,2.87,1.44,0
1,2021,28,20852.5,21.4,33,2.8,1.44,0
1,2021,29,24015.35,21.8,32.8,2.97,1.31,0
1,2021,30,17360.48,21.2,33.8,3.04,1.48,0
1,2021,31,15784.01,21,34.2,2.98,1.45,1
1,2021,32,17071.42,22.2,31.2,3.07,1.51,2.3
1,2021,33,18471.09,23.4,31.6,3.08,1.06,0
1,2021,34,22937.75,22.8,33.6,2.77,1,0
1,2021,35,23237.37,22.8,34.4,2.63,1.16,0.4
1,2021,36,16916.86,23.8,31.8,3.02,1.31,0
1,2021,37,20347.38,19,34,2.81,1.37,0
1,2021,38,21924.06,24,34.2,2.78,1.1,0
1,2021,39,21284.23,20.4,34.6,2.81,1.3,0
1,2021,40,22262.53,23.8,32.2,2.94,1.2,0
1,2021,41,18725.81,24,34.4,2.58,1.73,1.5
1,2021,42,12996.77,23.2,31.6,3.04,1.3,0
1,2021,43,20739.39,23.2,34.2,2.78,1.29,0
1,2021,44,21368.85,24.46,34.6,2.74,1.28,0
1,2021,45,23639.75,23.2,34.6,2.71,1.32,0
1,2021,46,24061.98,22.6,33.6,2.95,1.42,0
1,2021,47,20719.53,25,34.4,2.6,1.27,0
1,2021,48,20254.13,23.4,32.8,2.88,1.52,0
1,2021,49,24143.14,23.2,33.4,2.97,1.28,0
1,2021,50,18132.61,24.2,32.8,2.82,1.39,0
1,2021,51,16676.82,23.1,34,2.81,1.18,0
1,2021,52,16811.52,24.2,33.6,2.92,1.06,0
1,2021,53,21343.07,23.6,32.6,2.96,1.12,0
1,2021,54,8337.55,22.8,34,2.95,1.13,3.4
1,2021,55,10351.13,23,29.6,3.07,0.98,3.8
1,2021,56,17327.87,23.4,32,2.93,1.05,3.8
1,2021,57,18661.91,23.6,33.6,2.82,1.3,0
1,2021,58,18255.22,22,32,2.94,1.31,0
1,2021,59,14650.29,23.3,29.2,2.86,1.45,0
1,2021,60,11233.59,24.2,32.2,2.8,1.4,0
1,2021,61,19067.74,23.4,30,3.04,1.37,0.1
1,2021,62,22881.63,22.6,34.4,2.8,1.28,0
1,2021,63,18988.3,24.4,34.4,2.63,1.13,0
1,2021,64,18021.23,24.4,33.6,2.85,0.93,0
1,2021,65,13923.26,23,33,2.98,1.32,7.3
1,2021,66,16311.58,23.02,30.4,3.09,1.01,5.2
1,2021,67,20517.48,23.2,31,3.08,1.19,0
1,2021,68,18544.18,22.4,34.4,2.8,1.41,0
1,2021,69,15427.4,24,30.6,2.98,1.21,0
1,2021,70,13254.08,23.6,32.2,2.98,1,0
1,2021,71,12545.18,23.6,32,3.06,0.97,2.8
1,2021,72,10889.93,19,27.6,2.51,1.17,0
1,2021,73,22659.72,21.2,32.2,2.92,1.17,0
1,2021,74,15876.4,23.2,29,3.08,1.24,13.3
1,2021,75,9310.66,22.2,28.8,2.97,0.98,8.2
1,2021,76,8778.77,22.2,27.8,2.94,0.94,13.5
1,2021,77,11649.77,22.8,29.8,2.92,1.24,0
1,2021,78,20143.61,22,33.2,2.99,0.86,0
1,2021,79,17839.9,23,32.4,2.93,1.39,0
1,2021,80,18115.34,22.6,33.8,2.91,1.37,0
1,2021,81,19149.77,21,32.8,2.88,1.11,9.6
1,2021,82,21870.52,21.6,31.4,2.8,0.99,8.2
1,2021,83,7159.79,22.4,25.8,2.85,0.86,46.4
1,2021,84,23935.91,21.2,31.8,3.04,0.97,0
1,2021,85,12729.29,22.6,28,2.86,1.13,4.5
1,2021,86,13254.19,22,29.6,3.02,1,0
1,2021,87,13683.54,23.8,30.4,2.98,1.19,5
1,2021,88,13183.02,22.4,30,2.92,0.96,5.7
1,2021,89,26458.07,22.2,27.8,2.94,1.22,12.5
1,2021,90,14705.98,22.2,31,3,1.13,1.2
1,2021,91,17586.89,22.6,31.6,3.07,1.14,0
1,2021,92,10157.05,22,27.4,2.93,0.77,9.4
1,2021,93,26810.36,22.2,31.6,2.93,1.07,7.6
1,2021,94,18883.42,23.4,32.2,3.02,1.37,65.5
1,2021,95,17333,21,29.6,2.9,1.39,10.8
1,2021,96,17395.79,22.2,31.2,3.07,1,38.4
1,2021,97,16951.08,21.2,30.8,2.94,1.15,16.6
1,2021,98,15080.77,21.8,30.8,2.98,1.05,37.7
1,2021,99,17267.34,21.4,32.8,2.89,1.34,0
1,2021,100,19109.57,22.8,30.6,3.11,1.22,0
1,2021,101,18222.23,22.2,31.6,2.93,1,25
1,2021,102,13055.45,22.03,29.6,3.02,1.38,12.4
1,2021,103,17000.9,20,30.4,2.71,0.8,0
1,2021,104,18474.39,21,30.4,2.87,0.72,4.6
1,2021,105,13889.1,20,30.2,2.72,1.05,0
1,2021,106,15797.3,21,32.2,2.92,1.42,56
1,2021,107,18185.64,20.2,32,3.03,1.32,2
1,2021,108,16462.99,21.4,30.4,2.96,0.95,0
1,2021,109,15797.3,21,32.2,2.92,1.54,0
1,2021,110,15435.73,21,32.4,3.05,1.4,0
1,2021,111,20753.48,22,32.4,2.86,1.22,0
1,2021,112,17463.91,20,33,2.75,1.08,0
1,2021,113,17153.01,21,33.2,2.81,1.16,0.2
1,2021,114,18997.37,21.4,33.2,3,1.28,0
1,2021,115,17153.01,21,33.2,2.81,1.83,19.4
1,2021,116,20501.25,22,33,2.89,1.11,30.5
1,2021,117,13194.43,21.8,29.11,2.95,1.06,28
1,2021,118,19223.39,20.2,30.8,2.84,0.9,0
1,2021,119,9145.34,23,27.4,2.93,1.04,108.1
1,2021,120,17640.53,21,31.52,2.73,0.78,24
1,2021,121,15745.01,20,30.8,2.8,1.03,4.3
1,2021,122,15554.24,22,31.4,2.95,0.86,13
1,2021,123,18725.55,21.8,33.6,2.81,0.83,26.2
1,2021,124,15609.37,21,29.8,2.87,1.16,0
1,2021,125,12278.61,22,27.2,2.78,0.83,0
1,2021,126,17140.2,21,31,2.95,1.29,41.6
1,2021,127,16226.48,22,30.6,2.92,1.06,0
1,2021,128,11099.82,23,29,2.94,0.9,1.9
1,2021,129,13638.13,22,29.4,2.98,1.07,155
1,2021,130,10775.81,21.2,25.6,2.68,0.73,10.7
1,2021,131,13201.59,21.6,28.4,2.78,0.96,1.7
1,2021,132,16291.06,22,30.6,2.94,1.16,20.4
1,2021,133,14842.88,22.8,30.4,3.01,1.01,2
1,2021,134,14207.18,22.6,29.8,3.04,1.04,11
1,2021,135,11154.13,23,29,3.11,1.22,49
1,2021,136,11325.46,22,27,2.88,1.27,6.2
1,2021,137,11599.84,22.2,27.2,2.91,1.39,22.7
1,2021,138,14035.62,21,30.2,2.88,0.84,0
1,2021,139,13007.02,21.6,30,2.95,0.78,0
1,2021,140,26361.36,21.8,31.8,3.02,1.13,0
1,2021,141,17163.81,22.8,31.6,3.04,1.51,0
1,2021,142,20784.29,23.6,31.6,3.03,1.25,2
1,2021,143,14700.37,21.2,30.6,2.93,0.65,17.8
1,2021,144,19636.76,21.4,30.2,3,1.52,7.9
1,2021,145,6972.42,21.8,26,2.86,1.71,34.8
1,2021,146,14510.41,21.4,30.4,2.96,1.16,25.8
1,2021,147,6975.88,21.8,27,2.94,1.32,0
1,2021,148,14515.69,21.8,31,3.06,1.12,0
1,2021,149,24244.17,21.85,30.2,2.92,1.16,0.2
1,2021,150,17873.58,22.4,31.2,3.03,1.29,0
1,2021,151,17724.2,23,31.4,3.05,0.59,14.2
1,2021,152,22986.11,21.8,30,2.95,0.87,0.2
1,2021,153,20460.49,22.2,31.2,3.07,0.78,0
1,2021,154,23471.37,23.2,30.2,3.15,1.49,6
1,2021,155,10774.48,23.4,27,2.97,1.43,57
1,2021,156,24075.79,21,30.6,2.91,1.13,6
1,2021,157,23072.45,22,30.2,2.94,0.66,2.5
1,2021,158,14839.38,21,31,2.96,0.67,0
1,2021,159,8843.53,23.4,27,2.97,1.24,34.8
1,2021,160,20014.09,21.2,28.2,2.8,1.13,5.3
1,2021,161,25033.37,21.4,29.4,2.93,0.99,0
1,2021,162,17547.19,23.4,30.6,3.01,1.41,0
1,2021,163,13682.35,22.6,28.8,3.03,1.61,6
1,2021,164,18737.03,22,30.2,2.94,1.05,0.3
1,2021,165,20115.11,22,30,2.98,1.05,36
1,2021,166,17575.68,21.2,31.6,3.01,0.57,0.9
1,2021,167,23782.22,21.8,30.6,3,1.05,2.6
1,2021,168,19893.2,21.8,29.8,2.96,1.05,2.9
1,2021,169,18262.13,22.4,29.6,3.11,1.05,0.4
1,2021,170,20726.44,22,30.4,2.96,1.05,35
1,2021,171,11304.39,20,27.6,2.56,0.82,45.5
1,2021,172,24216.54,20.2,30.8,2.84,0.68,30.6
1,2021,173,19875.07,20.8,30,2.92,1.13,0.2
1,2021,174,17429.76,22.2,28.6,2.94,1.03,3.7
1,2021,175,23989.45,21.2,31,2.85,1.14,4.7
1,2021,176,7389.47,22.2,25.6,2.82,0.35,27.3
1,2021,177,11473.63,20.4,32.2,2.91,1.38,0
1,2021,178,18330.34,21.2,30.4,2.94,1.53,0
1,2021,179,23673.42,22,30.6,2.94,1.05,1.6
1,2021,180,21428.43,21.8,30.4,2.97,1.05,46.5
1,2021,181,10379.63,20.8,26.4,2.77,1.05,19.7
1,2021,182,14768.58,20.2,25.4,2.47,0.86,0
1,2021,183,17006.66,19.8,25.6,2.46,0.62,0.5
1,2021,184,21374.03,20.6,29.2,2.83,0.57,0
1,2021,185,19560.77,20.8,30,2.92,0.89,3.7
1,2021,186,16101.76,20.6,27.6,2.68,0.68,0.5
1,2021,187,10505.69,21.2,26.4,2.78,0.49,0.7
1,2021,188,20065.03,20.6,30.6,2.89,0.95,10.3
1,2021,189,13316.25,22,29.2,3,0.87,15.8
1,2021,190,11678.27,21.6,30.2,2.9,0.86,26
1,2021,191,18747.39,21.2,27.8,2.86,0.86,0
1,2021,192,22529.34,21.2,30.4,2.94,0.03,3.2
1,2021,193,20334.43,22.4,30.6,3.09,0.94,5.1
1,2021,194,9030.04,21.4,30.18,3.11,0.79,12.8
1,2021,195,10469.43,20.4,28,2.71,0.86,2.5
1,2021,196,14449.24,20.8,30.4,2.88,0.4,3.3
1,2021,197,23266.73,21.4,30.8,2.96,0.86,0.8
1,2021,198,15492.16,22,29.8,3.01,0.86,9.4
1,2021,199,10160.31,22,26.6,2.91,1.88,6.9
1,2021,200,16369.43,21.2,28.4,2.78,0.86,62
1,2021,201,23072.45,21.2,28.4,2.78,0.86,45.3
1,2021,202,15625.57,21.4,29.4,2.93,1.99,32.3
1,2021,203,14844.57,21.4,28.4,2.66,0.86,5.1
1,2021,204,14952.5,21.8,29.2,2.98,0.84,0
1,2021,205,17902.07,22.2,28.4,2.9,0.86,0
1,2021,206,20128.93,22.2,30.4,3.03,0.86,0.7
1,2021,207,12239.51,21.6,28,2.8,0.86,1.5
1,2021,208,21043.33,21,30.4,2.87,0.86,0
1,2021,209,21348.99,22.4,31.2,3.03,0.86,38
1,2021,210,13117.65,21.6,29,2.9,0.86,3.6
1,2021,211,10872.66,21.2,25.2,2.67,0.82,34
1,2021,212,12736,20.8,28,2.71,1.01,0
1,2021,213,13948.3,20.4,28,2.72,0.81,0
1,2021,214,11102.34,21.4,25.4,2.77,0.61,9
1,2021,215,10897.7,21.2,27.8,2.86,0.7,8.2
1,2021,216,11897.58,21,28.6,2.81,0.54,0.7
1,2021,217,13034.76,21,28.6,2.81,0.6,4.2
1,2021,218,17506.61,21.2,30.8,3.1,0.81,0
1,2021,219,21827.35,22,30.4,2.96,0.71,0
1,2021,220,19452.84,22.4,30.4,3.03,0.85,2.6
1,2021,221,18313.08,21.8,32,3,0.84,30
1,2021,222,17561,22.2,30.8,3.25,1.14,40.7
1,2021,223,20471.72,21.6,32.2,3.11,0.87,0
1,2021,224,22564.74,21.6,31.2,3.27,0.76,18.1
1,2021,225,17495.38,21.4,28.8,2.68,0.77,0
1,2021,226,10710.33,21.4,29.4,2.97,0.77,64
1,2021,227,22802.19,21,30.8,3.13,0.77,17
1,2021,228,18787.98,21.8,31,3.23,0.77,25
1,2021,229,11793.11,21.4,30.2,3.14,0.77,9.4
1,2021,230,21526,21.6,30.8,2.99,0.77,59.1
1,2021,231,18833.74,21.4,29.8,3.27,0.77,0
1,2021,232,20858.55,22,30.4,2.89,0.77,24
1,2021,233,16770.94,21.2,29.8,2.83,0.77,6
1,2021,234,21111.54,22,31.2,2.9,0.77,0
1,2021,235,23170.89,22.6,32.2,3.51,0.77,3.4
1,2021,236,24075.79,22.2,29.6,2.8,0.77,2.4
1,2021,237,20500.21,21.2,31,2.85,0.77,3.8
1,2021,238,21796.26,21.6,31.4,2.8,0.77,0
1,2021,239,21976.73,22,32.8,2.89,0.77,28
1,2021,240,19834.49,20.8,31.2,2.91,0.77,0
1,2021,241,11653.23,22.4,29.2,2.99,0.77,0
1,2021,242,20827.46,20.8,30.2,3.02,0.77,12.5
1,2021,243,20628.87,21,30.4,2.8,0.77,5.1
1,2021,244,19057.38,22.2,29.8,3.26,0.83,0
1,2021,245,19286.19,21,32,2.77,0.74,0
1,2021,246,14844.57,22.6,32.8,2.99,1.06,3
1,2021,247,17993.86,20.8,31.4,2.9,1.1,1
1,2021,248,17314.14,21,32,2.86,0.88,30
1,2021,249,10779.43,21.2,26,2.76,0.68,3.6
1,2021,250,13995.56,21.6,29.8,2.97,0.84,0.3
1,2021,251,18547.3,22,31.2,2.97,0.82,0
1,2021,252,20672.45,22,32.6,2.83,0.83,97.5
1,2021,253,17885.49,21.4,32.1,2.92,0.83,31
1,2021,254,19081.1,21.4,31.8,3.01,0.83,14
1,2021,255,14184.5,20.8,29.8,2.89,0.83,1
1,2021,256,13597.9,20.6,32.6,3.66,0.83,0
1,2021,257,19483.88,21,32.8,3.18,0.83,0
1,2021,258,17557.68,22.2,30.4,3.03,1.32,53.5
1,2021,259,12540.41,20.6,27.4,2.62,0.73,1.3
1,2021,260,15231.37,19.4,31.2,2.68,0.74,0
1,2021,261,15109.34,20.2,32.2,3.2,0.64,0
1,2021,262,12353.94,21,32.4,3.67,0.77,0
1,2021,263,13814.71,22.4,31.8,3.35,0.43,10.2
1,2021,264,14853.07,22.6,30.4,2.82,0.83,0.4
1,2021,265,15773.99,23,30.8,2.93,0.83,11.5
1,2021,266,15566.96,21.8,30.6,2.86,0.83,0.4
1,2021,267,18077.6,22.6,32,2.96,0.83,13
1,2021,268,15151.51,21.8,30.2,2.73,0.83,0
1,2021,269,17093.09,20.2,33.2,2.62,0.83,0
1,2021,270,20263.51,21.4,33,2.41,0.83,0
1,2021,271,14155.56,22.8,31,2.72,0.83,3.7
1,2021,272,19311,20.6,32.6,2.61,0.83,43.6
1,2021,273,18910.7,21.6,30.8,2.99,0.83,1.8
1,2021,274,16681.19,22.2,32,2.88,1.03,0.1
1,2021,275,18331.54,22,33,2.86,1.03,0
1,2021,276,17966.41,23,33.2,2.96,1.03,0
1,2021,277,18920.43,22.8,32.8,2.99,1.03,51
1,2021,278,15716.26,21.8,30,2.9,1.03,7.9
1,2021,279,15252.62,22.8,30.8,3.04,1.03,6
1,2021,280,15189.05,21.4,32,2.84,1.03,1.7
1,2021,281,18372.53,22.2,31.8,2.81,1.03,0
1,2021,282,17785.75,22.4,32.6,2.81,1.03,0.1
1,2021,283,18299.02,21.6,31.8,2.93,1.03,5.7
1,2021,284,14136.23,22.6,28.8,2.99,1.03,14.9
1,2021,285,18468.3,21,32.2,2.79,1.03,0
1,2021,286,20416.26,22.4,32.8,2.93,0.85,0
1,2021,287,18978.19,23,33.4,2.89,1,0
1,2021,288,13178.98,22.8,34,2.95,1.45,0
1,2021,289,11557.72,23,27.8,2.96,1.26,3
1,2021,290,14484.73,21.8,28.6,2.83,0.69,0
1,2021,291,15435.73,21,32.4,3.05,1.01,0
1,2021,292,17395.35,23,30.8,3.03,1.02,1.3
1,2021,293,19489.09,21.2,32.6,3.14,1.15,7.4
1,2021,294,16123.95,22,31.4,3.11,1.24,0
1,2021,295,16751.99,22.6,31.6,3.04,1.03,0
1,2021,296,18459.98,22.8,32.8,3.27,1.03,0
1,2021,297,16889.25,22.6,31.8,3.05,0.59,0
1,2021,298,13756.29,23.2,31.8,3.3,1.03,3.1
1,2021,299,11311.4,22.6,31.4,3.36,1.03,9.7
1,2021,300,12729.84,21.4,28.8,2.92,1.03,0.7
1,2021,301,9967.38,22.4,28.2,3.03,1.03,2.8
1,2021,302,12004.88,22.2,28.4,3.1,1.03,35
1,2021,303,15402.47,21.4,30.6,3.11,1.03,4
1,2021,304,9376.75,22.4,27.6,3.07,1.03,1.5
1,2021,305,11771.79,22.2,29.6,3.11,1.07,25
1,2021,306,17258.67,22.4,31.6,3.1,1.07,36.3
1,2021,307,13412.46,22.4,31.4,3.21,1.07,5.2
1,2021,308,16941.32,22.4,31.8,3.17,1.07,0
1,2021,309,18002.14,22.6,32,3,1.07,0
1,2021,310,17125.26,22.4,31.6,3.08,1.07,0
1,2021,311,16036.54,22,32,2.87,1.02,0
1,2021,312,17515.01,23.6,31.8,3.19,1.07,11
1,2021,313,15488.76,22,31.6,3.14,1.07,0
1,2021,314,13728.21,22.8,30,3.02,1.07,11
1,2021,315,8807.27,23,30.4,2.84,1.07,0
1,2021,316,17251.97,21.4,32,2.71,1.07,0
1,2021,317,18031.13,22,32.2,2.89,1.07,0
1,2021,318,18503.02,23,32.2,3.05,1.07,0
1,2021,319,18058.6,23,32.2,2.93,1.07,0
1,2021,320,16932.76,23.8,32.2,2.98,1.07,0
1,2021,321,14639.78,24,31.4,3.04,1.07,0
1,2021,322,15892.73,22.6,31.4,2.86,1.33,0
1,2021,323,18735.6,23.4,32.2,2.98,1.16,0.4
1,2021,324,17351.5,23,32.6,2.99,1.29,5
1,2021,325,13205.73,21.8,31.6,3.31,0.96,25.5
1,2021,326,17840.95,21.4,31.6,2.97,0.79,4
1,2021,327,10752.89,21.6,27,2.85,1.05,0.2
1,2021,328,16225.62,22,31.2,3.13,0.93,1.4
1,2021,329,11765.52,22.8,29.2,3.08,1.07,4.2
1,2021,330,15563.95,22.4,31.6,3.18,1.07,2.2
1,2021,331,19426.18,22,32,3.03,1.07,0
1,2021,332,18300.46,22.8,32.2,3.08,1.07,0
1,2021,333,16470.28,23.6,32.4,3.19,1.07,3.9
1,2021,334,17813.63,23.4,32.2,3.06,1.07,0
1,2021,335,21281.36,21.8,33.2,2.74,-99,0
1,2021,336,18336.28,21.8,31.6,2.78,-99,0
1,2021,337,18676.07,22.8,32.8,2.92,-99,0
1,2021,338,19164.35,22.8,32.4,2.82,-99,0
1,2021,339,17958.93,22,33.8,3.25,-99,0
1,2021,340,20048.22,22.6,32.8,2.88,-99,0
1,2021,341,19335.42,22.8,32.7,2.93,-99,0
1,2021,342,19659.3,23,32.6,3.03,-99,0
1,2021,343,19403.39,22.4,32.2,2.86,-99,0
1,2021,344,16229.14,23.4,32,2.86,-99,0
1,2021,345,14799.67,23.2,33,2.88,-99,0
1,2021,346,17059.56,23,32,2.8,-99,0
1,2021,347,19215.23,22.4,32.8,2.73,-99,0
1,2021,348,18311.71,21.4,32.4,2.71,-99,0
1,2021,349,18053.85,22.6,32,2.96,-99,0
1,2021,350,18321.84,23.4,32.8,2.97,-99,0
1,2021,351,18006.9,23.2,32.8,2.96,-99,0
1,2021,352,17529.85,22,31.4,2.79,-99,0
1,2021,353,18782.55,22.8,33,2.89,-99,0
1,2021,354,19272.07,22.8,33.4,2.8,-99,0
1,2021,355,17790.05,23.8,34.2,2.9,-99,0
1,2021,356,16302.14,24.4,33.4,2.94,-99,0
1,2021,357,15177.88,24.4,33.6,3.05,-99,0
1,2021,358,16269.3,23.2,34,3.07,-99,0
1,2021,359,16385.58,24,34,3.2,-99,0
1,2021,360,19013.39,22,34.6,2.79,-99,0
1,2021,361,17017.03,22.2,33.6,2.83,-99,0
1,2021,362,11369.15,21.51,32.8,2.66,-99,0
1,2021,363,18029.6,22.4,31.8,2.62,-99,0
1,2021,364,18948.03,21.6,34.2,2.71,-99,0
1,2021,365,15922.36,24.2,33,2.8,-99,0
