*-----------------------------------------------------------
*  Station Name: YOCS
*  DSSAT Weather file - by https://github.com/jrodriguez88
*  Longitude: -72.20522 -- Latitude: 5.3295 -- Elevation: 209m
*-----------------------------------------------------------
*  Date: 2014-01-01 : 2021-12-31
*
*  Column    Daily Value
*     1      Station number
*     2      Year
*     3      Day
*     4      irradiance         KJ m-2 d-1
*     5      min temperature            oC
*     6      max temperature            oC
*     7      vapor pressure            kPa
*     8      mean wind speed         m s-1
*     9      precipitation          mm d-1
*-----------------------------------------------------------
-72.20522,5.3295,209,0,0
1,2017,1,15802.51,20,30.8,2.8,1.34,0
1,2017,2,19382.85,19.4,31.3,2.65,1.29,0
1,2017,3,20798.33,18.6,32.3,2.64,1.04,0
1,2017,4,19140.17,19.9,31.3,2.74,1.18,0
1,2017,5,17861.92,21.2,31.1,2.82,1.43,0
1,2017,6,18356.9,20.4,31.4,2.84,1.24,0
1,2017,7,17825.94,22.4,31.4,2.96,1.5,0
1,2017,8,14819.25,20.9,30.8,2.91,0.88,0.2
1,2017,9,15894.14,20.3,29.8,2.71,1.37,1.2
1,2017,10,18884.94,19.2,29.1,2.43,1.44,0
1,2017,11,12391.63,21,29.9,2.69,1.03,0
1,2017,12,20354.39,19.2,32,2.62,1.12,0
1,2017,13,19997.91,20.6,32.3,2.83,1.02,0
1,2017,14,18963.18,21.8,30,2.7,1.63,0
1,2017,15,11473.28,26.9,29.7,2.35,0.41,0
1,2017,16,17159.83,21.8,31.2,2.43,1.43,0
1,2017,17,20094.56,19.6,31.2,2.51,1.41,0
1,2017,18,18979.5,21.8,31.6,2.69,1.32,0
1,2017,19,17666.53,20.7,31.1,2.75,1.13,0
1,2017,20,20111.3,19.7,32.2,2.69,1.55,0
1,2017,21,13956.07,22.3,33,2.99,0.79,6
1,2017,22,19979.92,22.6,32.2,2.95,0.9,0
1,2017,23,18098.74,21.8,32.5,2.89,0.98,0
1,2017,24,20633.05,21.1,33.9,2.86,1.61,0
1,2017,25,19241.42,21.3,32.2,2.84,1.71,9.2
1,2017,26,10412.55,21.5,31.4,3,0.83,3.2
1,2017,27,14050.63,21.2,31.1,2.81,0.98,0
1,2017,28,16110.04,20.3,31.4,2.74,1.09,0
1,2017,29,20175.73,20.6,32.2,2.8,1.3,0
1,2017,30,11284.1,21.2,30.3,2.78,1,0
1,2017,31,9528.45,21.7,29.1,2.93,0.38,1
1,2017,32,17929.71,20.7,31.1,2.78,1.45,0.2
1,2017,33,20287.03,21.1,31.3,2.67,1.44,0
1,2017,34,20666.95,19.4,32.4,2.58,2.15,0
1,2017,35,20267.78,21.1,33.8,2.77,2.02,0
1,2017,36,21053.56,22.4,33.4,2.85,1.97,0
1,2017,37,16458.58,19.6,32.7,2.7,1.51,0
1,2017,38,21872.38,21.3,34.3,2.84,1.49,0
1,2017,39,21564.85,21.8,33.3,2.68,1.69,0
1,2017,40,19007.53,20.2,33.7,2.58,1.56,0
1,2017,41,20754.39,20.6,31.8,2.56,2.16,0
1,2017,42,21199.16,20.4,31.3,2.44,2.32,0
1,2017,43,21125.52,19.5,31.8,2.38,2.34,0
1,2017,44,20910.04,24.3,32.2,2.33,1.92,0
1,2017,45,21093.72,22.2,33,2.24,1.59,0
1,2017,46,17852.3,24.9,33.9,2.43,1.11,0
1,2017,47,16884.52,24,34.3,2.32,0.77,0
1,2017,48,14583.26,24.5,34.4,2.41,1.21,0
1,2017,49,20456.07,25.9,34.4,2.76,1.29,0
1,2017,50,20022.59,23.8,34,2.26,1.6,0
1,2017,51,19758.16,22.8,34.6,2.39,0.91,0
1,2017,52,19678.24,24.6,35.2,2.65,0.54,0
1,2017,53,19252.3,26.3,34.5,2.59,0.83,0
1,2017,54,9607.11,22.2,27.7,2.79,0.15,3.2
1,2017,55,12783.26,21.8,32.6,3.1,0.47,0.8
1,2017,56,21871.55,22.2,33.6,2.85,1.3,0.4
1,2017,57,20282.43,22.8,32.3,2.84,1.37,0.4
1,2017,58,18823.85,21.8,31.4,2.8,1.01,0.4
1,2017,59,22313.81,20,33,2.62,1.28,0.2
1,2017,60,23386.19,20.6,31.8,2.64,1.81,0
1,2017,61,21692.89,21.3,31.6,2.56,1.78,0.2
1,2017,62,21141,19.6,31.9,2.63,2.08,0
1,2017,63,17670.29,21.1,31.1,2.71,1.89,0
1,2017,64,15680.33,21.9,32,2.86,0.99,0.8
1,2017,65,22201.26,22.4,32.3,2.91,1.35,0.6
1,2017,66,20869.87,22.7,31.9,2.82,1.62,0.2
1,2017,67,12451.88,22.9,29.6,2.79,1.1,0
1,2017,68,17193.72,21.3,32.2,2.81,1.15,0
1,2017,69,18286.19,21.1,32.4,2.74,1.16,0
1,2017,70,14369.87,22.4,33.2,3.04,0.79,0
1,2017,71,6334.73,20.8,26.6,2.68,0.3,0.8
1,2017,72,14441.42,21.4,30.7,2.89,0.52,19.2
1,2017,73,23210.04,21.5,32.7,3,0.99,0
1,2017,74,20509.21,22.7,32.4,2.86,0.96,0
1,2017,75,23226.78,21.6,32.1,2.65,1.39,0
1,2017,76,23504.18,21.3,31.6,2.6,1.81,0
1,2017,77,18723.43,22.8,30.3,2.63,1.65,0
1,2017,78,11981.59,22.2,31.1,2.81,0.55,0
1,2017,79,14633.05,22.7,32.2,3.11,0.07,0
1,2017,80,19176.15,23.2,32.1,3.17,0.25,7.4
1,2017,81,12782.01,22.7,31.8,3.25,0.32,17
1,2017,82,7317.15,22.3,26.3,2.77,0.24,8
1,2017,83,16969.46,22,30.6,3.06,0.27,0.2
1,2017,84,18470.29,22.7,32.1,3.2,0.56,0
1,2017,85,14947.28,22.1,33.3,3.21,0.54,84.6
1,2017,86,15225.52,22.4,31.8,3.08,0.25,7.2
1,2017,87,17212.55,22.6,32.6,3.27,0.26,2.2
1,2017,88,13964.02,22.4,32.3,3.27,0.1,15.8
1,2017,89,17902.09,21.8,32.7,3.19,0.22,2.4
1,2017,90,13132.22,22.7,32.5,3.31,0.24,7.8
1,2017,91,15499.16,23.6,32.9,3.36,0.23,0.2
1,2017,92,20998.33,21.9,33,3.1,0.74,0.2
1,2017,93,24046.86,23.4,33.9,2.94,1.12,0
1,2017,94,23525.94,21,32.5,2.71,1.54,0
1,2017,95,23053.56,20.3,32.7,2.64,1.57,0
1,2017,96,23267.36,21.8,32.8,2.75,1.48,0
1,2017,97,19162.76,22.7,33.4,2.91,0.66,0
1,2017,98,21559.83,23.8,33.6,2.98,0.88,0
1,2017,99,19930.96,22.1,33.4,2.98,0.71,0
1,2017,100,11710.88,23.8,31.4,3.18,0.23,0
1,2017,101,13926.78,22.9,32.5,3.2,0.06,10.8
1,2017,102,8427.2,22.8,28.9,3,0.19,0
1,2017,103,19196.48,22.34,32.64,3.28,0.55,0
1,2017,104,18451.6,22.76,32.26,3.19,0.26,10.2
1,2017,105,15492.93,23.26,30.96,3.22,0.38,10.2
1,2017,106,17244.68,24.08,34.48,3.1,0.52,0
1,2017,107,11359.41,25,31.6,3.03,0.32,0
1,2017,108,13471.13,23,31.4,3.09,0.2,0
1,2017,109,17402.93,22.6,31.7,3.06,0.53,0
1,2017,110,15618.83,23.7,33.3,3.02,0.29,0
1,2017,111,15940.17,23.2,31.7,3.07,0.05,0
1,2017,112,20991.63,24.3,34.2,3.29,0.17,0.2
1,2017,113,15671.55,24.1,32.5,3.14,0.13,0
1,2017,114,14274.9,23.4,33.2,3.2,0.12,0
1,2017,115,22959.41,24.6,34.2,3.43,0.11,0
1,2017,116,19585.36,23.3,33.7,3.46,0.3,6.6
1,2017,117,22156.07,21.1,34.4,3.18,0.46,0
1,2017,118,9301.26,22.1,30.4,3.14,0.27,35.4
1,2017,119,22155.23,22.5,32.8,3.24,0.26,0
1,2017,120,13224.69,21.6,30.4,3.08,0.38,10.2
1,2017,121,16206.28,21.4,30.2,2.97,0.15,0.2
1,2017,122,7201.26,22.3,27.3,2.88,0.14,22.2
1,2017,123,16910.46,23.1,32.7,3.01,0.05,0
1,2017,124,21163.78,23.34,33.64,3.33,0.17,0.6
1,2017,125,15218.78,23.09,30.89,3.23,0.25,3.8
1,2017,126,17007.74,23.5,31.6,3.27,0.23,0
1,2017,127,8450.35,22.6,27.4,2.93,0.13,0
1,2017,128,8215.48,23.96,30.2,3.1,0.83,0
1,2017,129,15428.03,25.5,31.4,3.18,0.09,0
1,2017,130,14037.07,22.63,29.63,3.07,0.55,26.6
1,2017,131,14825.94,23.3,31.6,3.09,0.04,0
1,2017,132,11268.62,22.4,30,3.13,0.07,5.8
1,2017,133,19942.26,23.2,32.4,3.23,0.34,0
1,2017,134,13764.2,23.5,32.27,3.55,0.3,0
1,2017,135,10113.39,21.7,32,3.24,0.95,46.8
1,2017,136,16054.41,23.2,30.8,3.16,0.43,0
1,2017,137,14300.48,22.8,31.59,3.41,0.28,0
1,2017,138,21557.74,23.9,32.5,3.06,1.29,0
1,2017,139,20075.73,23.8,32.1,3.01,1.74,0
1,2017,140,12913.58,22.9,30.63,3.3,0.23,0
1,2017,141,14460.61,23.34,31.14,3.27,0.27,0.8
1,2017,142,19097.03,22.55,32.45,3.12,0.25,0
1,2017,143,14667.78,25.6,31,3.24,0.78,0.8
1,2017,144,16603.46,21.87,31.27,3.14,0.12,4.4
1,2017,145,14066.95,22.93,33.4,2.92,0.11,0
1,2017,146,21981.59,23.8,32.4,3.15,0.49,0
1,2017,147,10814.23,22.7,31.5,3.29,0.24,10.2
1,2017,148,16078.24,22.8,32.8,3.4,0.18,0
1,2017,149,21302.09,22.4,33.7,3.34,0.17,5
1,2017,150,21682.85,22.4,30.9,3.1,0.51,0.2
1,2017,151,21053.97,21.8,31.1,3.02,1.19,10.6
1,2017,152,8284.52,22.2,29.3,3.04,0.11,5.2
1,2017,153,22112.97,22,31.8,3.09,0.63,0
1,2017,154,12402.51,21.1,31.2,3.1,0.29,0
1,2017,155,16917.99,23,32.2,3.33,0.25,1
1,2017,156,14506.28,22.7,33.4,3.36,0.18,0
1,2017,157,18229.71,23.3,33.7,3.44,0.15,0.2
1,2017,158,6732.22,21.1,27.1,2.79,0.08,39.2
1,2017,159,8127.58,22.6,25.6,2.76,0.5,1.8
1,2017,160,16889.96,22.4,30.8,3.13,0.79,1.2
1,2017,161,19950.63,22.1,31.8,3.19,0.19,3.8
1,2017,162,17100.84,23,28.7,3.01,0.61,5.6
1,2017,163,14367.78,21.9,31.2,3.21,0.24,1.2
1,2017,164,7823.85,22.2,27.3,2.9,0.09,33
1,2017,165,18620.92,23.6,32.1,2.89,0.08,0
1,2017,166,8038.71,22.9,25.5,2.77,0.13,0
1,2017,167,16489.12,23.1,31.1,3.1,0.11,0
1,2017,168,9014.64,21.3,27.8,2.86,0.02,34.2
1,2017,169,16005.86,21.7,30.4,3.12,0.35,22
1,2017,170,18700.42,21,30.3,3.04,0.61,0.2
1,2017,171,11479.92,21.8,30.2,3.12,0.23,11.8
1,2017,172,17120.5,21.7,29.8,3.06,0.11,0
1,2017,173,18348.95,22.7,31.4,3.22,0.19,38.2
1,2017,174,17908.79,22.2,30.8,3.16,0.11,31.2
1,2017,175,7879.08,21.3,27.6,2.88,0.19,63
1,2017,176,18677.82,21.9,29.9,3.05,0.04,0
1,2017,177,9195.82,21.8,29.9,3.12,0.23,47.2
1,2017,178,16650.21,21.7,30.8,3.15,0.4,0
1,2017,179,23159.83,20.8,31.6,2.94,0.53,0.2
1,2017,180,18905.86,23.3,31.4,3.23,0.33,0
1,2017,181,10895.4,22.4,30.6,3.18,0.09,1.8
1,2017,182,14397.91,22.4,29.5,3.09,0.35,1.2
1,2017,183,16068.62,21.8,29.2,2.97,0.28,5.6
1,2017,184,21125.1,22.4,31.2,3.05,0.4,0.4
1,2017,185,18528.87,23.2,31.2,2.96,0.4,0
1,2017,186,10665.27,23.4,29.2,3.04,0.1,7.4
1,2017,187,15385.77,22.6,29.7,2.9,0.31,0.2
1,2017,188,15038.91,23.3,30.6,3.13,0.39,0
1,2017,189,16139.75,22.9,29.8,3.11,0.59,0.2
1,2017,190,19073.64,22.8,31.7,3.24,0.25,0.4
1,2017,191,15424.69,22.4,29.9,3.08,0.46,52
1,2017,192,9278.24,21.3,25.9,2.69,0.6,80
1,2017,193,7528.45,21.9,27.91,2.95,0.44,3.8
1,2017,194,18240.59,21.7,29.7,2.93,0.42,0
1,2017,195,14273.64,21.1,30.6,2.99,0.06,0
1,2017,196,14136.82,22.2,31.1,3.11,0.02,0
1,2017,197,10785.36,22,30.2,3.16,0.13,6.6
1,2017,198,12249.37,21.6,28.5,2.96,0.29,0.8
1,2017,199,8951.46,20.7,29.9,3.04,0.37,34.8
1,2017,200,17115.9,21.2,30.3,2.97,0.49,0.2
1,2017,201,7302.93,19.8,30.89,3.11,0.33,0.2
1,2017,202,16764.44,21.7,29.6,2.92,0.4,0
1,2017,203,12634.31,22.3,29.1,2.96,0.55,0
1,2017,204,19423.85,22.2,31,3.04,0.13,0
1,2017,205,12857.74,22.6,30.4,3.17,0.21,30.8
1,2017,206,9334.31,21,27.4,2.81,0.41,8.4
1,2017,207,11764.44,21.8,28.4,2.89,0.29,0.2
1,2017,208,14814.89,22.74,30.24,3.2,1.08,0
1,2017,209,13246.1,21.84,30.44,3.18,1.2,0
1,2017,210,16391.57,23.5,31.5,3.31,1.52,0
1,2017,211,11416.05,24.63,29.93,3.19,0.23,0
1,2017,212,19682.48,21.63,33.43,3,0.44,0
1,2017,213,16252.16,23.04,31.2,2.71,0.02,0
1,2017,214,22557.32,21.8,33.1,2.79,0.05,0
1,2017,215,9802.51,23.9,30,3.18,0.14,0
1,2017,216,17710.46,21.7,30.6,3.1,1.01,76.2
1,2017,217,9676.15,22.8,28.6,3.02,0.36,0.2
1,2017,218,19809.21,21.7,31.6,3.09,0.18,0
1,2017,219,19447.28,23.5,32.1,3.29,0.16,2.6
1,2017,220,16028.45,22.4,32.1,3.34,0.24,11.8
1,2017,221,16851.05,22.5,32.3,3.23,0.04,5.2
1,2017,222,17365.69,21.7,31.7,3.19,0.09,0
1,2017,223,22138.08,21.8,32.1,3.16,0.27,7
1,2017,224,13836.82,22.2,28.1,2.92,0.44,8.6
1,2017,225,18632.22,22.3,32.7,3.24,0.19,0.6
1,2017,226,24202.09,21.6,32.8,3.08,0.68,0
1,2017,227,12890.79,22.2,30.9,3.22,0.28,17.2
1,2017,228,18433.47,22.7,31.3,3.25,0.37,0.2
1,2017,229,23165.27,22.3,32.4,3.2,0.41,0
1,2017,230,23554.39,23.2,33.5,3.29,0.11,0
1,2017,231,16181.59,22.8,30.7,3.19,0.66,0
1,2017,232,17005.86,22.8,31.1,3.17,0.54,0
1,2017,233,21998.33,23,32.2,3.23,0.81,0
1,2017,234,8638.91,21.7,28.9,2.97,0.59,68
1,2017,235,21533.89,21.6,31.9,3.12,0.16,0.2
1,2017,236,10528.87,20.9,27.9,2.86,0.28,19.4
1,2017,237,17872.8,20.4,31.1,3.01,0.39,0
1,2017,238,22069.04,22.3,31.7,3.13,0.19,0
1,2017,239,15700.84,21.8,29.6,2.95,0.48,0
1,2017,240,17427.62,21.1,31.8,3.11,0.13,0
1,2017,241,13577.41,21.6,29.5,3.04,0.61,8.4
1,2017,242,20982.85,21.2,31.3,3.16,0.29,7.2
1,2017,243,17447.28,21.6,31.7,3.18,0.16,0.2
1,2017,244,23319.25,22,32.2,3.19,0.38,0
1,2017,245,14655.23,22.1,30.6,3.11,0.35,6.2
1,2017,246,15981.17,23.1,32.2,3.29,0.1,0.8
1,2017,247,23287.03,21.9,33.3,3.24,0.08,0
1,2017,248,20201.26,21.6,32.8,3.15,0.47,0.4
1,2017,249,24266.53,22.8,32.9,3.25,0.82,0
1,2017,250,23978.24,21.4,33.5,3.14,0.53,0
1,2017,251,7742.68,21.7,26.6,2.79,0.3,48.6
1,2017,252,16617.15,22.8,31.1,3.26,0.34,0.4
1,2017,253,17433.89,21.9,32.4,3.28,0.33,1.8
1,2017,254,22421.34,20.7,32.3,3.07,0.14,0.2
1,2017,255,18009.21,22.1,33.7,3.46,0.45,21
1,2017,256,19746.44,22.3,32.6,3.33,0.39,0.4
1,2017,257,12973.64,23.2,28.7,3.09,0.23,5.6
1,2017,258,16042.68,22.9,31.3,3.24,0.04,0
1,2017,259,7988.28,20.5,29,2.95,0.47,4.8
1,2017,260,23423.01,20.8,31.9,3.08,0.03,0
1,2017,261,22942.26,22.9,31.5,3.18,0.94,0
1,2017,262,22287.03,22.4,33.1,3.28,0.64,0
1,2017,263,20662.34,22.6,33,3.28,0.65,0
1,2017,264,15266.53,23.3,32.7,3.44,0.22,0
1,2017,265,19532.64,23.3,33,3.41,0.31,0.2
1,2017,266,12595.82,22.1,28.8,3,0.7,39.6
1,2017,267,6364.02,22.4,28,3.03,0.24,34
1,2017,268,21903.77,21.3,31.6,3.16,0.1,0.2
1,2017,269,21226.36,22.4,31.2,3.12,0.15,0
1,2017,270,21640.17,22.1,32.4,3.23,0.51,0
1,2017,271,23133.05,22.6,32.3,3.2,0.66,4.4
1,2017,272,16056.9,21.7,31.7,3.2,0.32,2
1,2017,273,18725.94,22.8,31.4,3.18,0.15,0
1,2017,274,23958.58,22.5,32.6,3.15,0.22,0
1,2017,275,22541.42,22.7,32.2,3.28,0.56,0.2
1,2017,276,18208.79,21.6,31.3,3.06,0.67,7.8
1,2017,277,10495.4,21.3,29.1,2.97,0.21,27.2
1,2017,278,19700.42,20.8,33.1,3.2,0.31,27.8
1,2017,279,18780.33,20.6,31.3,3.08,0.39,7
1,2017,280,16722.18,20.8,30.9,3.05,0.08,0.2
1,2017,281,19121.34,21.9,31.2,3.11,0.05,0
1,2017,282,22664.85,21.7,32.9,3.14,0.04,0
1,2017,283,18017.99,22.6,32.1,3.29,0.3,5.2
1,2017,284,19100,21.5,32.3,3.18,0.09,4
1,2017,285,24287.45,21.4,33.2,3.19,0.18,0
1,2017,286,17605.86,22.7,32.8,3.37,0.45,0.4
1,2017,287,17248.54,22.5,31.1,3.19,0.19,0
1,2017,288,13028.03,23.6,31.4,3.37,0.1,8
1,2017,289,22445.19,22.7,32.8,3.33,0.27,0.4
1,2017,290,22464.85,22.4,32.7,3.29,0.61,2.4
1,2017,291,20541.42,22.6,33.3,3.38,0.18,0
1,2017,292,15716.32,22.6,32.6,3.33,0.26,0
1,2017,293,22312.55,22.4,31.7,3.21,0.75,0
1,2017,294,18405.86,22.3,31.8,3.3,0.69,2
1,2017,295,10017.57,21.5,30.1,3.03,0.31,0
1,2017,296,19155.65,21.6,29.5,2.96,0.56,0
1,2017,297,16075.31,21.6,31.9,3.12,0.12,1.6
1,2017,298,16391.21,22.2,31.2,3.2,0.19,0
1,2017,299,17266.53,22.3,31.6,3.2,0.03,0
1,2017,300,21417.15,21.9,32.8,3.23,0.2,0
1,2017,301,13543.93,22.7,32.3,3.22,0.38,0
1,2017,302,12609.62,23,32.4,3.08,0.16,0
1,2017,303,15931.8,23,31.7,2.75,0.14,0
1,2017,304,20905.44,22.9,32.7,2.49,0.6,0.2
1,2017,305,15177.82,20.7,31.6,2.82,0.51,0.2
1,2017,306,18147.28,20.9,32.6,2.97,0.28,0.2
1,2017,307,21010.46,22.7,32.9,3.2,0.62,0
1,2017,308,7974.81,21.6,25.6,2.78,0.32,103.8
1,2017,309,13651.05,22.2,30.5,3.03,0.1,0
1,2017,310,12401.67,21.1,30.1,3.05,0.62,0
1,2017,311,22238.08,19.9,31.7,2.7,0.31,0.2
1,2017,312,22347.7,22.3,32.3,3.15,0.41,0
1,2017,313,16333.89,21.9,32.3,3.17,0.46,0
1,2017,314,19381.59,22.3,32.4,3.16,0.71,0.2
1,2017,315,18846.86,22.1,31.9,3.11,0.61,0.6
1,2017,316,22126.36,21.7,32.3,3.05,0.41,0.2
1,2017,317,19374.48,22.7,32.1,3.07,0.86,0
1,2017,318,11455.23,21.6,31.6,3.07,0.25,0.2
1,2017,319,18504.18,22.2,32.6,3.24,0.16,0.4
1,2017,320,13609.21,23.6,32.1,3.13,0.2,0.2
1,2017,321,17689.54,23.2,32.3,3.33,0.35,0
1,2017,322,12732.64,22.1,31.2,3.17,0.26,3.2
1,2017,323,19597.07,22.2,32.8,3.2,0.57,0
1,2017,324,19129.29,21.9,32.2,3.21,0.72,0
1,2017,325,22417.99,21.3,33,2.95,0.5,0
1,2017,326,21029.71,21.6,32.9,3.09,0.76,0
1,2017,327,21533.47,21.4,32.9,2.86,0.78,0
1,2017,328,20390.38,21.2,33.2,3.09,0.61,0
1,2017,329,18166.11,22.1,31.8,3.19,0.68,20.6
1,2017,330,17458.16,21.8,31.6,2.98,0.55,0
1,2017,331,21049.79,21.3,31.8,2.99,1.12,0.2
1,2017,332,20440.59,21.6,32.4,2.79,0.96,0
1,2017,333,21545.19,20,32.5,2.5,0.95,0
1,2017,334,21445.19,21.8,32.8,3.01,0.74,0
1,2017,335,20980.75,21.5,32.7,2.98,1.06,0
1,2017,336,20577.41,22,33.3,3.11,1.08,0
1,2017,337,19011.3,22.9,33.4,2.94,0.87,0
1,2017,338,13118.41,21.9,30.6,3.11,0.66,0
1,2017,339,17270.29,20.7,32.1,2.84,0.83,0
1,2017,340,20506.28,20.9,32.8,3.03,1.1,0
1,2017,341,13934.31,21.2,31.2,3.02,1.13,0
1,2017,342,20687.45,21.2,32.5,2.93,0.86,0
1,2017,343,20998.74,20.4,32,2.78,1.07,0
1,2017,344,20645.19,19.9,32.6,2.72,1.03,0
1,2017,345,19635.98,21.7,31.7,3.15,1.11,0
1,2017,346,13085.77,23.4,31.9,3.42,0.29,2.6
1,2017,347,17422.18,21.5,32.4,2.08,0.84,0
1,2017,348,21343.1,18.9,32.2,2.55,1.18,0
1,2017,349,10552.72,21.9,29.5,1.95,0.48,0
1,2017,350,20356.9,21.5,30.9,2.17,1.5,0
1,2017,351,21158.58,17.5,31.7,2.49,1.55,0.2
1,2017,352,21369.87,19.4,33.3,2.37,1.42,0
1,2017,353,19905.02,19.4,32.1,2.29,1.42,0
1,2017,354,19352.3,18.6,31.6,2.16,1.31,0
1,2017,355,20656.49,20,32.5,2.16,1.38,0
1,2017,356,21175.31,20.6,33.3,2.54,1.5,0
1,2017,357,21119.67,20.7,32.5,2.54,1.45,0
1,2017,358,20474.06,20.1,31.4,2.09,1.72,0
1,2017,359,20728.87,21.1,30.6,2.38,1.87,0
1,2017,360,19918.41,20.5,31.9,2.23,1.57,0
1,2017,361,17482.01,21.4,32.1,2.44,1.25,0
1,2017,362,20316.74,21.9,33.2,2.52,1.31,0
1,2017,363,15746.44,21.4,32.8,2.52,0.75,0
1,2017,364,13888.28,22.3,30.5,2.42,0.63,1.2
1,2017,365,20658.58,20.4,33.3,2.67,1.28,0
