*-----------------------------------------------------------
*  Station Name: YOCS
*  DSSAT Weather file - by https://github.com/jrodriguez88
*  Longitude: -72.20522 -- Latitude: 5.3295 -- Elevation: 209m
*-----------------------------------------------------------
*  Date: 2014-01-01 : 2021-12-31
*
*  Column    Daily Value
*     1      Station number
*     2      Year
*     3      Day
*     4      irradiance         KJ m-2 d-1
*     5      min temperature            oC
*     6      max temperature            oC
*     7      vapor pressure            kPa
*     8      mean wind speed         m s-1
*     9      precipitation          mm d-1
*-----------------------------------------------------------
-72.20522,5.3295,209,0,0
1,2015,1,20371.97,19.3,31.7,2.36,3.93,0
1,2015,2,21648.95,18.6,32.2,2.5,3.22,0
1,2015,3,21797.07,17.6,32.1,2.45,3.81,0
1,2015,4,21531.8,17.7,31.2,2.46,3.31,0
1,2015,5,21836.4,19.29,32,2.66,2.64,0
1,2015,6,22030.54,20.15,31.8,2.66,3.13,0
1,2015,7,21176.99,18.2,32.3,2.52,2.85,0
1,2015,8,15045.19,18.8,30,2.43,1.82,0
1,2015,9,13130.13,18.2,31.9,2.69,1.63,0
1,2015,10,21020.08,19.3,32.3,2.6,2.68,0
1,2015,11,18840.17,22.1,33.2,2.97,2.63,0
1,2015,12,21932.64,20.8,33.9,2.82,2.14,0
1,2015,13,21566.95,20.3,32.8,2.71,1.96,0
1,2015,14,22269.46,21.1,33.7,2.84,1.85,0
1,2015,15,20688.7,22,34.1,3,1.28,0
1,2015,16,19157.32,22.5,34.4,3.03,0.98,0
1,2015,17,20014.64,21.9,34.4,3.13,0,0.4
1,2015,18,11821.76,21.7,32.2,3.01,1.72,0
1,2015,19,19463.18,20.6,33.6,2.84,2.01,0.2
1,2015,20,8824.27,21.3,29.1,2.88,1.36,4.2
1,2015,21,15007.95,21.3,32.5,2.96,1.8,0.4
1,2015,22,14425.1,22.3,31.3,3.26,0.01,12.6
1,2015,23,11794.14,21.9,31.4,3.09,0.01,0.2
1,2015,24,15224.27,22.7,32.2,2.82,1.82,0
1,2015,25,20650.21,22.4,32.7,2.74,2.07,0
1,2015,26,21730.13,20.4,33.4,2.64,2.07,0
1,2015,27,22181.17,21.6,33.9,2.62,2.2,0
1,2015,28,17455.23,20.3,32.2,2.58,2.19,0
1,2015,29,22154.39,21.6,34.2,2.47,1.91,0
1,2015,30,17256.9,20.3,33.3,2.77,2.1,0
1,2015,31,12325.1,21.6,32.1,3.14,0,4
1,2015,32,10628.45,21.9,29.5,3.05,1.04,0.6
1,2015,33,11984.52,21.2,31.4,2.91,1.35,0
1,2015,34,16975.73,21.3,33.4,3.01,2.37,0
1,2015,35,14999.58,20.6,32.8,2.73,1.28,0
1,2015,36,20018.41,20.1,33.3,2.72,2.01,0
1,2015,37,18043.1,20.3,33,2.73,2.23,0
1,2015,38,20966.53,22.2,34.5,2.82,1.9,0
1,2015,39,16782.43,23.1,32.7,2.78,1.9,0
1,2015,40,19030.13,22.4,34.6,2.67,1.9,0
1,2015,41,20973.22,22.3,35.4,2.71,1.9,0
1,2015,42,11523.43,22.3,33.5,3.09,1.9,0
1,2015,43,15526.78,22,32.5,3.2,0.03,9
1,2015,44,10604.18,20.8,31.8,3.15,0,3.2
1,2015,45,20047.7,21.1,33.9,3.14,1.85,0
1,2015,46,17199.16,20.7,33.2,2.81,2.01,0
1,2015,47,23066.11,20.7,34.3,2.75,1.77,0
1,2015,48,23236.82,21.3,33.8,2.68,2.62,0
1,2015,49,23018.41,21.3,34.3,2.68,2.63,0
1,2015,50,20792.05,20.6,34.2,2.7,2.53,0
1,2015,51,22766.95,22.8,33.2,2.56,3.48,0
1,2015,52,23891.63,18,34.2,2.44,2.74,0
1,2015,53,23611.3,20.3,33.6,2.58,2.95,0
1,2015,54,22911.3,21.4,33.5,2.55,2.41,0
1,2015,55,21219.67,21.9,33.6,2.57,2.36,0
1,2015,56,19236.4,21.6,34.3,2.64,2.04,0
1,2015,57,22129.29,21.4,34.8,2.61,0.1,0
1,2015,58,15908.37,22.6,34.4,2.71,1.9,0
1,2015,59,20971.97,22,33.2,3,1.9,4.2
1,2015,60,18118.41,21.2,30.9,2.68,0.01,0
1,2015,61,22289.12,19.9,33.7,2.59,0.01,0
1,2015,62,20104.18,20.5,33.6,2.57,0.01,0
1,2015,63,23726.36,21.7,34.6,2.55,0.01,0
1,2015,64,22882.01,21.8,33.8,2.48,0.01,0
1,2015,65,23400.84,21.7,33,2.57,0.01,0
1,2015,66,20907.11,22.3,33.4,2.54,0.01,0
1,2015,67,22593.72,19.6,34,2.46,0.01,0
1,2015,68,18254.81,21.3,33.1,2.59,0.01,0
1,2015,69,17853.14,24.7,33.9,2.58,0.01,0
1,2015,70,20669.87,24.1,34.7,2.66,0.01,0
1,2015,71,22041.84,21.4,34.3,2.65,0.01,0
1,2015,72,21206.28,21.3,34.4,2.61,0.01,0
1,2015,73,20955.23,23.9,33.7,2.44,0.01,0
1,2015,74,23463.18,21.9,34,2.59,0.01,0
1,2015,75,18659,23.6,36.1,2.78,0.01,0
1,2015,76,10801.26,23.6,32.4,3.02,0.01,4.8
1,2015,77,7086.61,23.6,28.8,3.13,0.01,1.2
1,2015,78,8107.24,22.8,27.2,2.91,0.01,4.6
1,2015,79,13954.81,22.6,32.8,3.3,0,0.4
1,2015,80,14201.67,22.7,31.3,3.04,0.01,1.4
1,2015,81,15189.12,23.8,34.1,3.02,0.01,0
1,2015,82,18704.18,23.7,34.5,2.92,0,0
1,2015,83,21315.48,21.2,35.3,2.85,0.01,0
1,2015,84,22951.05,22.6,35.8,2.76,0.01,0
1,2015,85,22574.9,22.2,36.3,2.5,0.01,0
1,2015,86,19805.86,23.2,35.4,2.69,0.01,0
1,2015,87,20808.37,23.2,35.2,2.76,0.01,0
1,2015,88,11717.57,21.6,30.2,2.88,0.01,2.2
1,2015,89,20141.42,19.3,35.1,3.09,0.01,0
1,2015,90,18816.32,23.4,34.1,2.67,0.01,0
1,2015,91,22928.03,21.4,36.7,2.82,0.03,0
1,2015,92,11600.84,24,32.7,3.11,0.03,0
1,2015,93,9508.67,21.9,27.3,2.97,0,39.2
1,2015,94,13278.66,22.3,32.2,3.21,0.02,0.8
1,2015,95,16257.32,21.5,32.4,2.88,0.03,0
1,2015,96,16748.54,22.4,33.6,2.89,0.03,0
1,2015,97,9385.36,23.2,32.5,3.21,0.03,1
1,2015,98,8759.41,22.7,32.7,3.29,0.01,0.6
1,2015,99,6898.33,22.4,29.6,3.16,0.01,10.8
1,2015,100,14568.2,23.6,33.1,3.22,0.03,0
1,2015,101,10451.05,23.1,30.1,3.16,0.02,0.2
1,2015,102,14542.26,21.9,32.2,3.32,0.02,1.2
1,2015,103,12561.51,23.2,32.8,3.5,0,10.2
1,2015,104,14196.65,23.5,31.5,3.46,0,11.4
1,2015,105,17312.13,23.3,32.6,3.22,0.03,0
1,2015,106,18059.83,22.6,31.1,3.15,0.03,3.8
1,2015,107,11562.76,22.6,29.8,3.23,0,18.4
1,2015,108,16009.62,21.9,32.2,3.32,0.03,0
1,2015,109,10627.2,22.9,28,3.1,0.03,4.2
1,2015,110,15357.74,21.8,31.3,3.36,0.3,12.8
1,2015,111,16476.99,22.1,32.2,3.15,0.01,0.2
1,2015,112,15700.42,21.4,31.1,3.08,0.03,1.6
1,2015,113,16870.71,21.7,31.6,3.3,0,18
1,2015,114,14610.04,21.8,32,3.25,0.01,42.4
1,2015,115,7944.38,22.4,25,2.87,0.03,21
1,2015,116,15148.95,22.7,31,3.26,0.03,0
1,2015,117,23977.82,22.6,33.6,3.32,0.03,0
1,2015,118,20863.6,21.7,33.2,3.19,0.02,0
1,2015,119,16658.16,22.6,31.7,3.33,0.04,7
1,2015,120,19372.38,20.9,32.8,3.12,0,0
1,2015,121,21889.96,22.2,33.1,3.24,0,0
1,2015,122,20779.92,21.9,33.6,3.19,0.01,0
1,2015,123,22411.72,22.5,33.6,2.94,0.01,0
1,2015,124,22217.99,21.2,32.8,2.75,0.01,0
1,2015,125,18541.84,22.1,32.3,2.97,0.01,0
1,2015,126,18100.84,21.4,32.3,3.02,0,0
1,2015,127,21716.74,22.2,33.1,3.19,0.01,0
1,2015,128,11219.25,21.4,31.5,3.27,0.01,64
1,2015,129,11205.44,20.6,29.8,3.05,0.01,0.4
1,2015,130,21075.73,23.1,32.2,3.13,0.01,0
1,2015,131,22135.98,22.1,32.5,3.04,0.01,0
1,2015,132,21285.36,22.3,32.4,3.01,0.01,0
1,2015,133,16228.03,23,32.7,3.42,0.01,0
1,2015,134,9978.66,23.2,27.8,3.08,0.01,2.2
1,2015,135,10960.67,22,30.3,3.23,0.01,6.8
1,2015,136,17792.47,21.8,31.7,3.17,0.01,0.2
1,2015,137,9889.12,22.1,30.8,3.31,0,42.2
1,2015,138,19268.2,21.5,30.6,3.16,0.02,16.6
1,2015,139,20514.64,21.4,30.7,3.1,0.01,0.2
1,2015,140,13247.7,22.5,31.8,3.44,0.01,5.2
1,2015,141,12620.92,22.4,29.8,3.21,0.01,0.2
1,2015,142,19904.6,22.2,32.5,3.35,0.01,1.2
1,2015,143,9629.29,21.8,26.8,2.93,0.01,3.4
1,2015,144,21279.08,19.8,31.2,3.01,0.01,0
1,2015,145,8458.46,23.2,27,2.98,0.01,6.8
1,2015,146,19871.55,22.6,31.8,3.19,0.01,0.2
1,2015,147,15997.49,22.9,30.9,3.2,0.01,0
1,2015,148,12092.89,21.9,29.3,3.12,0.01,1.6
1,2015,149,12292.05,21.7,29.6,3.07,0.01,0.2
1,2015,150,16581.59,22,30.3,3.04,0.01,0.6
1,2015,151,17667.78,22.1,31.5,3.17,0.01,0
1,2015,152,16234.73,23.3,31.5,3.3,0.13,0.6
1,2015,153,18043.1,22.2,29.8,3.09,0.13,0
1,2015,154,18548.54,22.3,31.4,3.21,0.13,0
1,2015,155,9294.98,22.2,27.6,3.05,0.03,62.2
1,2015,156,12637.24,20.2,29.8,2.97,0,15.2
1,2015,157,19213.39,22.6,32.2,3.31,0.13,0
1,2015,158,8852.72,21.4,25.8,2.81,0.01,4.8
1,2015,159,17473.22,21.3,29.9,3.06,0.13,0.2
1,2015,160,14603.77,22.4,30.8,3.14,0.01,0
1,2015,161,18682.85,22.9,31.2,3.2,0,0.2
1,2015,162,8221.34,22.3,27.2,2.97,0.13,10.6
1,2015,163,18076.57,21.7,31.4,3.16,0.13,0.2
1,2015,164,18422.18,21,30.1,3.02,0.13,33.2
1,2015,165,10801.67,22.7,28.5,3.11,0.13,5
1,2015,166,11306.28,21.6,30.1,3.25,0.13,9
1,2015,167,16323.01,21.7,29.3,3.08,0.13,1.6
1,2015,168,14658.58,20.9,29.6,2.95,0.13,0
1,2015,169,21294.56,22.2,30.8,3.18,0.13,22
1,2015,170,14646.03,21.4,30.6,3.17,0.13,6
1,2015,171,15429.71,22.3,29.7,3.13,0.13,0
1,2015,172,11240.17,22.7,28.6,3.14,0.13,2.6
1,2015,173,10705.02,21.7,27.7,3,0.02,43.8
1,2015,174,14580.75,22.2,28.9,3.11,0.1,0.6
1,2015,175,20474.06,21.9,31.7,3.18,0.4,7.4
1,2015,176,13308.37,21.8,29.5,3.15,0.05,50.6
1,2015,177,8482.01,22,26.9,2.97,0,32.6
1,2015,178,6889.12,22,29.05,3.23,0,9.4
1,2015,179,10205.02,21.8,27.8,3,0,0.4
1,2015,180,19114.23,21.6,31.4,3.13,1.21,0.2
1,2015,181,12782.43,21.2,29.3,2.88,0.01,0
1,2015,182,14161.09,22.1,30.6,3.24,0.22,14
1,2015,183,22857.32,21.6,30.2,3,0.54,0
1,2015,184,18927.62,21.5,31.1,3.14,0.55,0
1,2015,185,20308.79,22.7,31.9,3.17,0.46,0
1,2015,186,21550.63,22.1,31.7,3.21,0,0
1,2015,187,20515.06,21.4,30.9,3.15,0,14.8
1,2015,188,17805.44,22.8,28.7,3.14,0.4,0.2
1,2015,189,19686.61,22,31.1,3.13,0.49,0
1,2015,190,17406.28,22.1,31.6,3.08,0.56,0
1,2015,191,10766.11,21.1,28.1,2.92,0.3,29.8
1,2015,192,18593.31,21.8,31.1,3.11,0.07,0
1,2015,193,13615.06,22.7,30.8,3.29,0.04,0
1,2015,194,7307.11,22,26,2.88,0.01,34.2
1,2015,195,19086.19,22.5,31.7,3.26,0.39,0.8
1,2015,196,12389.54,21.7,30.3,3.21,0.03,44.6
1,2015,197,19894.14,21.9,31.8,3.25,0.01,1.4
1,2015,198,18755.23,22.3,30.9,3.18,0,4.6
1,2015,199,14866.11,21.8,29.4,3.07,0.01,7
1,2015,200,9226.36,22.8,25.6,2.92,0.4,8
1,2015,201,7825.52,22.3,25.9,2.92,0.04,24.8
1,2015,202,11601.67,22.1,27.7,3.03,0.12,0.4
1,2015,203,17108.79,22.6,30.8,3.31,0.25,6.8
1,2015,204,12594.56,21.9,28.1,3.06,0.34,13.6
1,2015,205,17369.87,22,29.1,3.01,0.75,2.8
1,2015,206,14783.26,21.3,29.8,3.09,0.33,1
1,2015,207,21915.9,21.1,31.1,3.12,0.29,37
1,2015,208,13252.72,22,28.4,3.13,0.55,13.4
1,2015,209,17548.95,22.4,30.9,3.32,0.01,7.6
1,2015,210,16678.66,22.1,31.2,3.33,0.32,1.6
1,2015,211,13416.32,22.2,29.1,3.14,0.01,4.4
1,2015,212,14531.8,22.1,31.2,3.23,0.01,0.2
1,2015,213,13291.21,22.2,30.3,3.26,0.02,9.2
1,2015,214,12477.82,22.2,27.9,3.03,0.02,5.4
1,2015,215,18689.54,22,30.8,3.19,0.24,0
1,2015,216,17408.37,22.7,31.4,3.32,0,0.2
1,2015,217,23515.9,22.7,32.8,3.39,0.41,0
1,2015,218,12279.5,22.1,30.8,3.36,0.01,17.8
1,2015,219,13822.59,21.8,30.2,3.2,0.01,3.2
1,2015,220,16266.11,22.4,30.1,3.27,0.91,20.8
1,2015,221,16594.14,22.3,32.1,3.33,0.22,0.8
1,2015,222,17264.44,22.2,31.7,3.32,0,0
1,2015,223,19012.55,22.9,32.1,3.32,0.45,0.2
1,2015,224,22742.26,22.2,32.7,3.26,0.62,1.6
1,2015,225,13279.92,21.2,30,3.03,0.67,2.2
1,2015,226,8607.11,22.2,26.8,2.99,0.01,10.6
1,2015,227,10437.66,23.1,28.3,3.18,0.2,5.6
1,2015,228,8756.07,21.8,26.6,2.95,0.38,9.4
1,2015,229,13889.12,22.1,29.1,3.16,0.47,0
1,2015,230,18355.65,22.1,30.2,3.15,0,0
1,2015,231,16686.61,22.2,30.8,3.16,0.01,0
1,2015,232,10467.49,22.1,27.7,3.1,0.01,20.8
1,2015,233,14015.48,22.3,29.8,3.25,0.54,0.2
1,2015,234,16953.56,22.9,30.8,3.25,0.59,0
1,2015,235,14751.46,22.7,30.4,3.27,0.47,0
1,2015,236,13757.32,23.1,29.2,3.16,0.74,0
1,2015,237,22248.12,23.4,32.5,3.42,0,0
1,2015,238,14718.41,23.7,31.1,3.49,0,6.8
1,2015,239,7595.4,22.6,26.3,2.92,0.02,6.6
1,2015,240,13935.15,21.8,31.8,3.23,0,0.2
1,2015,241,11178.66,20.4,30.5,3.02,0.61,0
1,2015,242,18260.25,20.7,30.7,2.98,0.7,0
1,2015,243,13434.73,21.5,30.4,3.13,0.02,0.2
1,2015,244,18439.33,20.8,31.6,3.06,0.3,0
1,2015,245,12292.89,21.3,29.7,3.07,0.02,39.2
1,2015,246,15679.5,20.6,31.3,3.12,0.27,0
1,2015,247,21768.62,22.4,32,3.19,0.53,0
1,2015,248,17075.73,23.3,32,3.36,0.48,0.2
1,2015,249,8168.38,22.9,25.8,2.96,0.02,18.4
1,2015,250,19989.96,22.3,31.7,3.3,0.23,0
1,2015,251,21832.22,22.4,32.7,3.25,0.69,0
1,2015,252,17310.88,22.5,32.6,3.37,0.64,0.8
1,2015,253,13274.9,22.2,33.1,3.37,0.56,0.2
1,2015,254,18751.05,21.9,32.7,3.34,0.72,11.2
1,2015,255,24062.76,21.8,33.7,3.19,0,0.2
1,2015,256,23737.66,21.4,34.3,3.1,1.12,3.2
1,2015,257,22157.32,22.1,34,3.24,0.56,0.2
1,2015,258,13549.37,22.9,31.7,3.36,0.03,3.4
1,2015,259,19154.81,22.5,33,3.43,0.56,0
1,2015,260,18035.98,23.3,33.7,3.48,0.38,0
1,2015,261,11528.45,23.1,31.9,3.5,0.03,14.4
1,2015,262,16800.42,22.6,31.8,3.45,0.02,23.2
1,2015,263,16926.36,22.2,31.9,3.21,0,9
1,2015,264,23741.84,21.6,33.8,3.3,0.37,0
1,2015,265,22180.33,22.1,34.2,3.18,0.72,0
1,2015,266,19279.8,23,34.1,2.61,0.46,0
1,2015,267,22355.65,24,35.1,3.08,0.77,0
1,2015,268,22616.74,23.8,34.1,3.01,0.33,0
1,2015,269,18625.1,23.3,33.2,2.97,0.45,0
1,2015,270,21875.31,22.2,34.5,2.93,0.48,0
1,2015,271,19852.3,23.2,34.4,2.71,1.21,0
1,2015,272,19509.21,21.8,33.4,2.78,0.65,0
1,2015,273,16377.82,24.4,32.7,3.02,0.46,0
1,2015,274,16952.72,24.5,33.7,3.18,0,0
1,2015,275,16989.54,23.9,32.2,3.44,0.56,0
1,2015,276,21510.04,23.6,32.8,3.45,0.33,0
1,2015,277,22609.21,23.5,34.2,3.38,0.7,0
1,2015,278,21892.47,22.5,34.8,3.43,0.55,0
1,2015,279,21843.1,21.6,33.7,3.17,0.53,0
1,2015,280,17745.61,23.2,32.8,3.4,0.6,0
1,2015,281,17766.53,23.2,33.9,3.38,1.08,0
1,2015,282,16127.3,23.6,31.9,3.2,0.63,0
1,2015,283,18090.79,24.3,33,3.03,0.69,0
1,2015,284,19944.77,24.6,33.7,3.04,0.58,0
1,2015,285,10532.22,25.1,29.1,3.19,0.41,1.8
1,2015,286,9533.89,23.6,29.4,3.22,0.33,0.6
1,2015,287,14876.57,24.2,30.7,3.29,0.21,0.2
1,2015,288,9728.68,26.1,26.2,2.73,0.25,0
1,2015,289,18001.26,24.2,33.3,3.01,0.45,0
1,2015,290,17099.53,23.2,32.8,2.82,0.75,0
1,2015,291,15243.93,23.6,33.1,3.31,0.58,0
1,2015,292,11957.32,21.6,29.1,3.21,0.03,14.4
1,2015,293,15413.81,21.2,32.1,3.1,0.76,4.2
1,2015,294,16775.31,21.9,32.8,2.93,0.9,1.6
1,2015,295,19007.95,23.9,33.2,3.3,0.75,0
1,2015,296,18935.15,22.4,32.4,3.36,0,0.2
1,2015,297,10663.18,22.2,28.9,3.21,0.01,5.4
1,2015,298,10298.09,22.9,30,3.43,0.42,0
1,2015,299,11499.16,23.8,30.5,3.37,0.33,0.4
1,2015,300,15813.6,22.8,34.14,3.99,0.63,0
1,2015,301,19341.67,22.81,31.41,3.17,0.42,0
1,2015,302,19434.77,23.48,33.28,3.29,0.8,0
1,2015,303,18277.48,22.62,31.22,3.17,0.92,0
1,2015,304,13110.7,22.81,30.01,3.14,0.78,0
1,2015,305,17296.57,21.83,31.83,3.15,0.33,0
1,2015,306,10748.26,19.69,27.39,2.67,0.73,0
1,2015,307,17224.56,22.56,31.56,3.19,0.48,0
1,2015,308,20328.14,21.98,33.98,2.93,0.46,0
1,2015,309,9782.85,22.2,32.6,3.33,0.61,27.2
1,2015,310,10347.7,21.8,29.8,3.25,0.55,20.2
1,2015,311,14888.7,23.1,30.5,3.28,0.4,0
1,2015,312,17023.29,21.64,31.44,3.07,0.37,0
1,2015,313,9629.71,22.3,31.9,2.94,0.51,0
1,2015,314,12702.34,22.8,31.16,3.61,0.42,0
1,2015,315,12960.25,21.3,30.3,2.78,0.31,0
1,2015,316,16309.22,21.38,31.18,3.09,0.49,0
1,2015,317,6562.34,23.7,32.3,2.86,0.36,0
1,2015,318,7862.27,22.3,25.3,2.82,0.73,1.8
1,2015,319,8348.12,23.4,30.6,2.83,0.26,0
1,2015,320,16196.52,22.4,31,2.68,0.42,0
1,2015,321,14550.17,23.53,31.1,2.7,0.64,0
1,2015,322,11283.98,25.7,30.2,2.93,0.23,0
1,2015,323,8278.24,25.1,31.8,2.92,0.56,0
1,2015,324,8856.49,25.3,31.7,2.94,0.77,0
1,2015,325,13174.13,25.8,31.4,2.8,0.53,0
1,2015,326,16308.25,22.9,31.3,2.9,0.51,0
1,2015,327,17598.27,21.73,31.23,2.96,0.53,0
1,2015,328,18703.31,22.61,32.51,3.14,0.6,0.2
1,2015,329,14869.84,22.52,30.92,3.23,0.53,0
1,2015,330,14405.08,20.67,29.67,2.94,0.57,0.2
1,2015,331,21025.3,21.27,31.77,2.99,0.47,27.2
1,2015,332,17726.94,21.16,30.96,2.98,0.38,0
1,2015,333,20734.15,21.79,32.39,3.01,0.45,0.2
1,2015,334,19269.99,22.78,31.38,3.17,0.53,0
1,2015,335,14210.09,21.33,29.83,3.05,0.5,2.6
1,2015,336,17551.27,21.33,31.33,3.07,0.54,0
1,2015,337,19525.49,20.28,31.58,2.81,0.57,0
1,2015,338,19581.56,20.74,32.04,2.84,0.23,0
1,2015,339,20595.51,19.94,32.54,2.75,1.04,0
1,2015,340,19051.02,20.18,33.18,2.76,0.77,0
1,2015,341,18718.37,20.57,33.17,2.77,0.58,0
1,2015,342,21310.65,20.78,34.08,2.78,0.46,0
1,2015,343,19190.04,20.84,32.14,3.02,0.48,0
1,2015,344,19140.15,21.18,32.38,2.87,0.6,0
1,2015,345,18210.73,21.58,30.98,2.98,0.47,0
1,2015,346,20840.9,21.67,33.07,2.94,0.43,0
1,2015,347,20757.08,21.68,33.28,3,0.54,0
1,2015,348,19140.15,21.15,32.35,2.86,0.38,0
1,2015,349,19430.89,21.12,32.32,2.94,0.33,0
1,2015,350,20512.79,21.39,33.59,2.92,0.53,0
1,2015,351,17027.57,21.77,31.27,3.09,0.55,0
1,2015,352,18349.24,20.84,31.24,2.97,0.4,0
1,2015,353,16827.07,20.65,30.85,2.89,0.55,4.6
1,2015,354,20414.7,20.7,33.2,2.75,0.7,0
1,2015,355,20890.85,21.12,32.72,2.86,0.83,0
1,2015,356,19148.08,21.3,32,2.92,0.9,0
1,2015,357,13860.83,20.01,29.21,2.67,0.85,0
1,2015,358,19781.27,20.41,31.71,2.85,0.78,0
1,2015,359,20083.3,19.79,31.09,2.84,0.82,0
1,2015,360,19629.87,20.42,31.82,2.81,0.88,0
1,2015,361,20320.79,18.57,31.87,2.54,0.66,0
1,2015,362,16400.22,19.32,29.82,2.64,0.69,0
1,2015,363,20411.75,20.31,33.21,2.73,0.82,1
1,2015,364,13894.29,20,29.2,2.69,0.72,0.2
1,2015,365,18156.29,20.53,31.43,2.82,0.49,0
