*-----------------------------------------------------------
*  Station Name: YOCS
*  DSSAT Weather file - by https://github.com/jrodriguez88
*  Longitude: -72.20522 -- Latitude: 5.3295 -- Elevation: 209m
*-----------------------------------------------------------
*  Date: 2014-01-01 : 2021-12-31
*
*  Column    Daily Value
*     1      Station number
*     2      Year
*     3      Day
*     4      irradiance         KJ m-2 d-1
*     5      min temperature            oC
*     6      max temperature            oC
*     7      vapor pressure            kPa
*     8      mean wind speed         m s-1
*     9      precipitation          mm d-1
*-----------------------------------------------------------
-72.20522,5.3295,209,0,0
1,2016,1,20007.83,20.22,32.12,2.7,0.79,0
1,2016,2,20572.57,21.02,32.82,2.85,0.54,0
1,2016,3,21037.72,19.79,34.09,2.68,0.72,0
1,2016,4,20626.1,19.98,31.88,2.62,0.52,0.2
1,2016,5,19552.67,19.8,31.4,2.68,0.67,0.2
1,2016,6,21857.65,20.06,33.46,2.66,0.65,0
1,2016,7,19378.82,20.02,31.22,2.67,0.53,0
1,2016,8,15551.19,20.94,30.24,3,0.52,3.2
1,2016,9,18109.17,20.93,31.83,3.09,0.67,0
1,2016,10,18533.87,20.15,30.85,2.86,0.7,0
1,2016,11,15238.6,20.29,30.09,2.88,0.81,0
1,2016,12,17245.6,20.84,30.74,2.96,0.79,0.2
1,2016,13,20657.08,21.1,33,2.99,0.63,0.4
1,2016,14,19108.91,15.96,30.26,2.34,0.55,0
1,2016,15,14673.01,20.55,29.55,2.91,0.81,0
1,2016,16,20752.08,21.01,32.91,2.86,0.55,0
1,2016,17,20976.76,21.04,32.64,2.79,0.68,0
1,2016,18,20868.75,20.63,33.43,2.69,0.71,0.2
1,2016,19,20064.87,20.55,33.05,2.87,0.92,0
1,2016,20,17570.89,20.41,31.51,2.8,0.82,0
1,2016,21,18556.86,21.2,31.9,3.06,0.83,0
1,2016,22,20824.57,20.13,31.73,2.63,0.57,0
1,2016,23,17006.56,21.1,31,2.95,0.4,0
1,2016,24,20077.38,20.48,32.88,2.85,0.35,0
1,2016,25,20728.02,20.34,32.04,2.74,0.88,12.6
1,2016,26,21149.3,21.96,33.76,2.84,1.12,0
1,2016,27,18448.3,21.49,31.09,2.98,1.17,0
1,2016,28,18198.1,22.21,32.11,3.13,0.8,0
1,2016,29,17673.7,22.74,31.74,3.24,0.72,9.2
1,2016,30,17747.8,21.79,31.69,3.13,0.68,0.2
1,2016,31,21030.51,22.02,32.92,3.12,0.85,47.4
1,2016,32,20675.84,22.66,34.86,2.65,0.84,0
1,2016,33,8736.82,20.69,35.6,2.59,0.73,0
1,2016,34,11702.51,20.54,35.3,2.33,0.87,0
1,2016,35,17288.7,23.3,35.7,2.93,1.19,0
1,2016,36,19640.59,23.6,35.1,2.84,1.56,0
1,2016,37,17203.35,22.2,35.1,2.65,1.82,0
1,2016,38,13036.82,23.7,34.3,3.01,1.53,0
1,2016,39,9010.46,22.1,32.2,2.86,1.41,0
1,2016,40,20931.38,21.1,35.7,2.82,1.92,0
1,2016,41,18123.85,22,35.3,2.9,2.08,0.4
1,2016,42,22135.98,21,35.1,2.54,1.9,0
1,2016,43,20104.18,22.6,34.9,2.68,1.56,0
1,2016,44,19650.21,22.4,34.1,2.65,1.57,0
1,2016,45,19459.41,23.2,34.1,2.68,1.45,0
1,2016,46,9231.8,22.8,32.8,2.89,0.64,0
1,2016,47,12878.66,22.4,34.6,3,1,0
1,2016,48,21387.87,23,36.4,2.95,1.73,0
1,2016,49,18507.11,23.3,35.3,2.84,1.56,0
1,2016,50,22035.15,24.3,35.8,2.72,1.43,0
1,2016,51,16094.14,23.7,35.4,2.7,1.6,0
1,2016,52,14805.86,24.6,34.2,2.71,1.61,0
1,2016,53,15313.81,23.8,35.8,2.95,1.19,0
1,2016,54,22073.22,25,34.3,2.88,1.64,0
1,2016,55,20933.89,23.5,36.8,2.89,1.46,0
1,2016,56,15011.72,24.9,32.3,2.96,1.65,0.4
1,2016,57,16152.3,22.7,34.3,2.88,1.42,0
1,2016,58,18860.67,25.2,34.8,2.5,1.85,0
1,2016,59,22120.92,23.7,35.9,2.63,1.94,0
1,2016,60,19301.67,21.7,37,2.81,1.38,0
1,2016,61,14095.82,25.7,34.9,2.96,1.63,0
1,2016,62,16858.58,24.1,35.1,3.09,1.23,2
1,2016,63,18484.1,23.9,35,2.95,1.45,0
1,2016,64,21812.55,24.9,37.2,2.72,1.59,0
1,2016,65,19820.08,23.2,32.97,2.38,1,0
1,2016,66,19548.12,25.6,37.3,2.89,1.34,0
1,2016,67,16962.34,24.2,37.1,2.9,1.08,0
1,2016,68,17899.58,23.7,36.4,2.74,1.51,0
1,2016,69,15514.23,23.3,34.4,2.59,1.41,0
1,2016,70,22057.74,24.6,36.6,2.64,1.62,0
1,2016,71,21309.21,22.5,35.8,2.64,2.02,0
1,2016,72,17331.8,24.9,35.3,2.71,1.33,0
1,2016,73,12763.18,25.7,34.7,2.53,1.19,0
1,2016,74,17002.51,23.9,36.6,2.93,0.76,0
1,2016,75,12041.42,24,31.3,3.13,1.68,0
1,2016,76,13171.13,23.9,35.2,3.55,0.64,21.8
1,2016,77,8523.5,23.8,27.5,3.21,0.81,20
1,2016,78,8930.54,23,29.1,3.17,0.64,0.8
1,2016,79,13270.29,24.7,34.7,3.52,0.6,0
1,2016,80,19343.1,24.7,36.1,3.44,1.18,0
1,2016,81,14840.17,23.7,34.4,3.64,0.66,8.4
1,2016,82,15235.98,23.9,35.2,3.43,0.8,0.2
1,2016,83,19872.8,23.4,34.6,3.01,1.4,0
1,2016,84,23201.67,21,35,2.44,1.45,0
1,2016,85,23410.88,23.3,35.2,2.66,1.68,0
1,2016,86,22652.72,24.1,35.4,2.75,1.74,0
1,2016,87,21261.92,23.7,35.7,2.86,1.12,0
1,2016,88,16644.77,23.8,34.6,3.17,0.77,0
1,2016,89,15193.72,24.2,34.7,3.26,0.32,0.2
1,2016,90,7181.59,23.5,27.9,3.11,0.51,76.8
1,2016,91,7680.75,22.7,29.3,3.25,0.47,9.4
1,2016,92,10841,22.8,32.3,3.4,0.15,0
1,2016,93,6699.16,24.4,28.3,3.31,0.64,12.4
1,2016,94,15451.05,23.7,30.8,3.27,0.77,0
1,2016,95,12593.31,23.7,32.7,3.57,0.53,0
1,2016,96,14117.15,23.2,32.2,3.52,0.33,2.4
1,2016,97,13417.15,23.1,32.1,3.57,0.38,0.2
1,2016,98,23345.19,21.8,33.9,3.34,0.26,9
1,2016,99,8535.56,24.2,29.7,3.42,0.29,6.6
1,2016,100,9571.97,24.1,30.6,3.44,0.27,4
1,2016,101,11018.83,23.7,30.9,3.45,0.43,4.6
1,2016,102,15626.78,23.6,32.9,3.46,0.51,0
1,2016,103,11236.4,24.8,30.3,3.38,0.28,0
1,2016,104,7666.95,23.8,30.5,3.37,0.07,0
1,2016,105,11798.74,23.3,30.3,3.27,0.12,0
1,2016,106,18716.32,23.1,32.8,3.5,0.06,0
1,2016,107,11608.37,23.3,31.9,3.5,0.42,2.4
1,2016,108,15804.18,23.2,33.2,3.6,0.46,25.6
1,2016,109,24264.02,23.3,34.1,3.59,0.09,0
1,2016,110,22322.18,23.2,33.9,3.53,0.4,7.4
1,2016,111,8680.11,22.4,26.5,3,0.3,38.6
1,2016,112,23786.61,23.5,33.2,3.55,0.26,13.8
1,2016,113,13769.46,23.3,30.4,3.36,0.49,0.2
1,2016,114,15882.85,22.8,31.1,3.38,0.4,20
1,2016,115,9702.93,22.9,30.6,3.46,0.24,12.2
1,2016,116,22238.08,22.3,32.7,3.37,0.55,0.2
1,2016,117,18733.47,23.2,33.7,3.48,0.14,0
1,2016,118,21912.97,24.3,34,3.38,0.62,1.2
1,2016,119,15820.92,22.9,32.3,3.51,0.37,36.4
1,2016,120,22423.01,22.6,30.4,3.2,1.09,17.8
1,2016,121,11697.91,22.2,26.5,2.85,1.17,0.2
1,2016,122,16379.92,22.6,30.1,3.17,1.24,0
1,2016,123,20307.11,23.6,31.8,3.41,0.67,0
1,2016,124,13233.47,23.1,29.6,3.34,0.25,43.6
1,2016,125,8385.36,22.7,26.3,2.98,0.25,25.4
1,2016,126,20214.23,21.5,32.5,3.34,0.11,0.2
1,2016,127,7797,22.3,26.1,2.98,0.24,29.2
1,2016,128,16723.85,21.2,30.2,3.12,0.13,0.2
1,2016,129,16403.35,23.2,31.7,3.5,0.38,16
1,2016,130,16376.57,22.7,32.1,3.55,0.31,7
1,2016,131,15927.2,21.7,31.7,3.26,0.36,0
1,2016,132,14000.84,20.9,30.9,3.07,0.16,0
1,2016,133,19555.23,22.4,33.3,3.41,0.1,0
1,2016,134,11207.95,23.2,29.9,3.32,0.08,35.4
1,2016,135,16823.85,23.6,31,3.43,0.21,3.4
1,2016,136,13312.13,23.3,31.2,3.48,0.09,1.6
1,2016,137,14746.44,23,32.7,3.61,0.14,4.4
1,2016,138,11454.81,23.1,28.8,3.22,0.7,1.6
1,2016,139,10087.45,22.3,30.1,3.29,0.15,7.6
1,2016,140,14686.61,22.7,31.7,3.35,0.73,17.8
1,2016,141,17093.31,21.7,31.9,3.21,0.63,0
1,2016,142,15692.47,22.7,32,3.34,0.13,0
1,2016,143,16843.1,23.5,32.2,3.47,0.13,6.2
1,2016,144,15204.18,23.5,32.7,3.62,0.35,38.4
1,2016,145,18357.74,22.5,31.2,3.29,0.25,9.8
1,2016,146,13442.26,22.7,30.9,3.38,0.2,13.4
1,2016,147,14530.96,23.4,30.6,3.37,0.14,0.2
1,2016,148,12643.51,23.4,31.9,3.59,0.08,26.4
1,2016,149,12782.01,21.7,30.5,3.23,0.34,12.2
1,2016,150,16120.5,22.4,32.1,3.35,0.04,0.4
1,2016,151,12916.74,22.3,31.8,3.52,0.21,18.6
1,2016,152,7173.22,21.4,25.6,2.88,0.14,15.4
1,2016,153,16971.97,21.8,29.9,3.16,0.5,0.2
1,2016,154,19231.38,22.3,31,3.18,0.88,0
1,2016,155,10359.83,22.3,29.1,3.14,0.52,0.6
1,2016,156,22358.16,20.8,32.4,3.13,0.85,0.2
1,2016,157,21776.57,21.9,32.8,3.17,0.98,0
1,2016,158,15076.99,21.8,30.7,3.22,0.16,0
1,2016,159,8253.14,22,27.6,3.01,0.41,16.2
1,2016,160,22922.59,22.4,32.2,3.28,0.06,1
1,2016,161,15603.77,21.9,31.7,3.31,0.29,11
1,2016,162,13951.46,22.2,30.4,3.21,0.23,14
1,2016,163,21942.68,22.1,30.8,3.09,0.76,0
1,2016,164,21064.44,22.3,31.9,3.2,0.58,0
1,2016,165,8152.7,21.5,25.6,2.78,0.27,30.4
1,2016,166,6914.23,20.2,26.69,2.78,1.01,2.4
1,2016,167,12139.75,20.8,26.1,2.73,0.35,0.8
1,2016,168,19530.54,21.5,30.6,3.05,0.31,0
1,2016,169,14436.4,22.5,29.7,3.12,0.46,2.4
1,2016,170,15795.82,22.4,30.9,3.29,0.33,24.8
1,2016,171,9401.67,22.2,28.1,3.04,0.06,2.8
1,2016,172,10330.96,21.8,28.4,3,0.24,36.2
1,2016,173,11087.45,21.8,27.9,2.95,0.11,23.8
1,2016,174,12687.03,22.1,29.6,3.11,0.14,3.4
1,2016,175,11420.92,22.5,29.1,3.1,0.46,0
1,2016,176,13197.04,21.74,30.14,3.13,0.27,0
1,2016,177,12106.31,23.6,29.5,3.13,0.31,33
1,2016,178,15577.8,21.65,32.05,3.24,0.21,0
1,2016,179,17039.95,21.87,29.97,2.98,0.32,0.2
1,2016,180,14212.82,22.12,29.82,3.07,0.47,0.6
1,2016,181,10892.06,21.58,28.68,2.82,0.68,0
1,2016,182,11127.97,19.35,26.95,2.56,0.44,38.2
1,2016,183,12893.84,20.6,28.8,2.87,0.12,7.4
1,2016,184,10210.36,20.98,28.08,2.87,0.6,15.6
1,2016,185,13553.93,21.35,29.95,3.02,0.14,14.4
1,2016,186,9194.84,20.73,26.83,2.8,0.03,37
1,2016,187,10225.07,21.75,27.35,2.95,0.18,0
1,2016,188,13996.84,21.21,30.11,3.05,0.31,0.4
1,2016,189,11817.3,22.04,28.84,2.92,0.14,37
1,2016,190,12676.26,22,29.1,3.01,0.13,7.6
1,2016,191,13028.87,22.36,29.46,3,0.57,6.6
1,2016,192,14586.4,21.05,29.85,2.96,0.19,0.8
1,2016,193,15139.75,20.8,30.3,2.99,0.78,0.2
1,2016,194,16581.59,20.4,30.9,3.04,0.25,2
1,2016,195,11655.23,21.4,27.8,2.85,0.5,0.2
1,2016,196,16681.59,20.1,31.8,3.03,0.15,36.6
1,2016,197,17042.26,21.1,29.8,2.97,0.15,0.8
1,2016,198,7892.89,20.8,26.9,2.78,0.19,44.8
1,2016,199,20370.29,22,29.8,3,0.59,0
1,2016,200,20467.78,21.2,30.9,3.1,0.67,0.4
1,2016,201,17351.05,21,30.7,3.01,0.09,22.4
1,2016,202,16267.78,21.4,29.8,3,0.19,17.4
1,2016,203,11016.32,21.8,29.3,3.07,0.1,24.2
1,2016,204,15843.1,22.2,30.1,3.07,0.04,0.4
1,2016,205,17695.82,22.1,31.3,3.15,0.05,0
1,2016,206,6524.27,21.6,25.1,2.68,0.33,9
1,2016,207,18903.35,21.2,30.6,3.07,0.13,0.4
1,2016,208,24189.96,20.3,31.3,2.94,0.28,0.6
1,2016,209,7500.81,21.4,25.1,2.69,0.12,43.8
1,2016,210,12092.47,20.9,29.4,3.01,0.1,7.2
1,2016,211,15424.27,20.6,29.8,2.95,0.03,0.2
1,2016,212,15733.05,21.8,29.6,3.03,0.54,0.2
1,2016,213,19556.9,21.4,29.6,2.92,0.81,3.4
1,2016,214,12240.17,21.7,28,2.87,0.5,0
1,2016,215,9253.56,21.2,27.1,2.81,0.2,2.2
1,2016,216,13996.65,21.2,30.3,2.94,0.29,0.6
1,2016,217,16441.42,21.7,31.1,2.85,0.42,0
1,2016,218,20882.54,21.3,32.71,2.88,0.11,82.2
1,2016,219,23322.18,20.6,31.2,2.68,0.05,0.2
1,2016,220,23744.77,22.7,33.3,2.97,0.04,0
1,2016,221,23492.89,22.7,32.4,3,0.71,2.8
1,2016,222,6634.31,21.5,28.9,2.75,0.18,61.6
1,2016,223,17029.71,21.6,31.2,2.91,0.06,0
1,2016,224,24349.37,21.8,32.6,2.97,0.09,7.2
1,2016,225,11641.42,22.4,30.7,3.04,0.26,10.2
1,2016,226,18668.62,22.4,31.9,3.13,0.06,6.6
1,2016,227,22366.11,22.7,32.2,3.11,0.05,0
1,2016,228,19896.23,22.1,31.6,3.09,0.46,10.4
1,2016,229,20810.46,22.1,32.1,3.1,0.46,1
1,2016,230,12506.69,23.3,31.7,3.21,0.09,0.8
1,2016,231,8538.08,22.2,27.7,2.81,0.25,6.2
1,2016,232,22985.77,21.3,32.7,3,0.25,0
1,2016,233,16262.75,21.8,30.2,2.96,0.25,0
1,2016,234,12093.62,23.08,29.18,3.14,0.4,29.2
1,2016,235,18131.09,22.63,32.13,3.14,1.7,3.6
1,2016,236,17142.48,21.95,31.95,3.13,1.15,6.2
1,2016,237,16645.64,20.46,30.56,2.94,0.91,0
1,2016,238,16704.06,19.99,30.29,2.62,1.24,24.2
1,2016,239,11929.5,21.34,28.94,2.95,0.68,82.2
1,2016,240,9624.98,20.83,27.53,2.81,0.6,24.8
1,2016,241,17094.47,20.87,30.97,3.02,0.28,0.2
1,2016,242,17873.61,21.82,31.82,3.15,0.45,17.8
1,2016,243,17371.55,24.3,32.7,3.12,0.12,0
1,2016,244,24196.65,22.3,32.5,3.03,1.13,0
1,2016,245,16441.42,22.1,31.3,2.95,0.41,0
1,2016,246,14933.89,22.4,30.3,3.04,0.37,2.6
1,2016,247,19400.42,22.7,32.2,3.13,0.16,0
1,2016,248,8277.41,22.7,29.8,3,0.26,3.2
1,2016,249,17105.44,22.2,31.7,3.12,0.27,0.6
1,2016,250,16223.01,22.6,31.2,3.06,0.32,0.8
1,2016,251,19552.72,21.2,29.3,2.8,1.48,81.4
1,2016,252,22624.69,22.4,31.6,3.02,0.25,0
1,2016,253,20517.57,21.6,31.1,2.97,0.12,9.4
1,2016,254,20702.09,22.8,32.3,3.21,0.36,9.8
1,2016,255,14834.31,22.4,30.6,3.01,0.09,0
1,2016,256,20811.72,23.1,32.9,3.19,0.23,0
1,2016,257,19101.26,22.6,32.5,3.17,0.46,1.2
1,2016,258,17970.71,22.3,31.8,3.08,0.95,0
1,2016,259,21248.54,20.8,31.3,2.87,0.61,15.4
1,2016,260,24959.41,21.6,32.3,2.89,0.37,0
1,2016,261,21919.67,22.7,31.6,3.06,0.51,0
1,2016,262,17033.47,21.4,31.6,3.02,0.26,5
1,2016,263,19811.72,21.4,32.3,3.08,0.17,5.6
1,2016,264,23628.45,21.8,32.6,3.07,0.66,43.2
1,2016,265,18091.63,21.1,30.7,2.88,0.26,5.4
1,2016,266,23094.14,21.3,31.9,2.96,0.17,0
1,2016,267,7270.71,21.8,30.8,3.1,0.26,0.2
1,2016,268,22909.62,22,32.8,3.15,0.9,10.2
1,2016,269,14040.17,21.5,31.3,3.11,0.51,20.8
1,2016,270,21855.65,21.4,33.2,3.2,0.32,0
1,2016,271,22059,22.1,33.2,3.13,0.46,0
1,2016,272,22456.49,22.6,33.1,3.17,0.76,2.2
1,2016,273,22827.62,22.6,33.3,3.27,0.52,0.2
1,2016,274,20789.54,22.8,34.4,3.36,0.25,0
1,2016,275,11892.05,23.1,32.3,3.35,0.32,5.4
1,2016,276,7603.77,22.3,26.9,2.79,0.42,12.8
1,2016,277,9889.12,21.5,27.8,2.8,0.82,29.4
1,2016,278,22523.01,20.6,33,3.12,0.37,0.2
1,2016,279,19800,23.1,33.9,3.39,0.5,1.6
1,2016,280,22152.72,21.9,33.3,3.13,0.58,0
1,2016,281,18092.05,22.3,31.9,3.1,0.77,8.8
1,2016,282,21356.49,22.2,32.6,3.18,0.47,0
1,2016,283,10442.68,22.6,31.2,3.23,0.47,22.8
1,2016,284,21524.69,21.9,33.4,3.21,0.12,0.2
1,2016,285,17571.55,22.2,31.7,3.17,0.21,4.6
1,2016,286,10568.62,22.8,30.7,3.18,0.31,14
1,2016,287,18060.25,22.2,32.3,3.18,0.61,0
1,2016,288,17171.13,22.3,31.7,3.17,0.65,26.4
1,2016,289,20648.12,22.1,32.4,3.21,0.51,44.6
1,2016,290,20274.06,22.5,33.4,3.31,0.1,0
1,2016,291,20522.18,22.9,32.9,3.32,0.33,0
1,2016,292,20159,21.5,34,3.16,0.07,0
1,2016,293,21748.54,24.1,34.5,3.46,0.2,0
1,2016,294,21159,23.3,33.7,3.28,0.27,0.2
1,2016,295,20729.71,22.1,32.9,3.1,0.51,0
1,2016,296,20945.61,22.4,33,3.23,0.2,0
1,2016,297,17005.86,21.9,32.8,3.22,0.16,3.8
1,2016,298,21346.44,22.2,32.9,3.12,0.61,0.2
1,2016,299,15490.38,23.1,32.2,3.25,0.32,0
1,2016,300,19589.12,23.3,33.2,3.17,0.55,0
1,2016,301,11710.99,23.7,30.4,3.01,0.04,0.2
1,2016,302,18063.19,21.66,31.26,3.11,0.43,0.2
1,2016,303,17650.09,21.53,30.83,2.96,0.99,0
1,2016,304,14565.5,22.65,30.25,3.22,0.23,4
1,2016,305,14517.92,22.6,30.2,3.21,0.45,0
1,2016,306,16520.54,22.77,31.87,3.12,0.28,0
1,2016,307,9834.19,24.2,28.1,3.06,0.04,0
1,2016,308,18908.79,22.4,32.2,3.15,0.48,1.8
1,2016,309,12667.36,20.5,32.2,3.11,0.92,21
1,2016,310,14355.65,20.3,30.2,2.9,0.42,0.2
1,2016,311,15410.46,22.2,31.3,3.1,0.66,0
1,2016,312,20833.47,21.2,33.4,3.15,0.16,0.2
1,2016,313,19142.26,22.1,32.4,3.16,0.32,0
1,2016,314,21245.19,21.3,32.6,3.07,0.55,0
1,2016,315,19443.93,22.4,32.4,3.09,1.11,0
1,2016,316,9289.26,21,25.9,2.57,0.44,110
1,2016,317,20833.47,19.7,31.6,2.85,0.59,0
1,2016,318,17596.23,21.7,31.6,3.04,0.99,0
1,2016,319,17220.92,22.6,32.1,3.1,0.74,5.4
1,2016,320,20329.29,22,31.9,3.04,0.92,0
1,2016,321,15678.66,23.4,32.4,3.2,0.65,0
1,2016,322,16869.04,21.6,32.2,3.02,0.92,0
1,2016,323,19100,22.2,32.1,3.11,0.76,0
1,2016,324,15694.56,22.6,31.6,3.17,0.31,0
1,2016,325,12277.41,21.3,29.2,2.91,0.12,0.2
1,2016,326,16438.08,21.6,32.2,3.15,0.56,0
1,2016,327,18410.46,23,31.8,3.21,0.8,0
1,2016,328,19071.97,22.3,32.1,3.12,0.85,0
1,2016,329,18333.05,22.3,32.3,3.16,0.88,0
1,2016,330,7611.72,21.2,31.2,3.12,0.73,26.6
1,2016,331,19911.72,21.2,32.3,3.08,0.32,0.2
1,2016,332,13859.41,22.1,31.6,3.2,0.23,91
1,2016,333,19479.5,21.4,33.1,3.21,0.06,4
1,2016,334,10164.02,21.6,29.3,2.98,0.41,51.6
1,2016,335,11990.79,22.4,30.7,3.11,0.58,16
1,2016,336,7578.24,22.1,28.4,2.94,0.13,11
1,2016,337,12934.31,21.9,30.1,3.04,0.08,17
1,2016,338,13171.13,22.7,30,3.05,0.09,0.2
1,2016,339,14603.35,21.4,31.9,3.1,0.27,5.2
1,2016,340,20124.27,21.4,32.1,2.96,0.87,0
1,2016,341,17502.51,21.5,31.9,3.08,1.04,0
1,2016,342,18725.1,21.2,31.7,2.94,1.11,0
1,2016,343,6432.22,20.64,31.5,2.55,0.43,0
1,2016,344,15847.89,20.03,30.2,2.54,0.18,0
1,2016,345,17380.19,20.88,30.88,3,0.65,0
1,2016,346,21301.8,20.69,32.49,2.67,0.78,0
1,2016,347,17173.39,21.6,29.6,2.89,0.15,0
1,2016,348,19605.86,20.3,31.9,2.83,1.09,0.2
1,2016,349,20117.15,20.5,31.8,2.87,1.34,0
1,2016,350,17378.66,20.3,30.4,2.76,1.18,0
1,2016,351,20088.7,19.1,31.7,2.71,1.03,0.2
1,2016,352,20448.54,20.6,31.3,2.79,1.27,0
1,2016,353,20575.31,19.9,30.8,2.73,1.8,0
1,2016,354,20391.21,19,30.3,2.57,1.86,0
1,2016,355,19220.5,18.2,31.1,2.57,1.35,0
1,2016,356,10404.6,20.6,29.3,2.64,0.66,0
1,2016,357,14528.87,21.6,30.8,2.81,0.75,0
1,2016,358,19542.26,21.2,32.4,2.9,1.16,0
1,2016,359,9105.02,20.5,30.2,2.82,0.46,0
1,2016,360,19136.4,20.7,31.4,2.78,1.59,0.2
1,2016,361,15995.82,22.2,30.4,2.77,1.64,0
1,2016,362,19832.64,18.9,30.1,2.46,1.75,0
1,2016,363,20380.33,17.4,31.8,2.53,1.54,0
1,2016,364,20333.89,18.2,31.8,2.62,1.57,0
1,2016,365,13047.28,22.1,31.5,3.01,0.71,4.6
1,2016,366,8430.13,20.2,27.3,2.57,0.82,7
