*-----------------------------------------------------------
*  Station Name: YOCS
*  DSSAT Weather file - by https://github.com/jrodriguez88
*  Longitude: -72.20522 -- Latitude: 5.3295 -- Elevation: 209m
*-----------------------------------------------------------
*  Date: 2014-01-01 : 2021-12-31
*
*  Column    Daily Value
*     1      Station number
*     2      Year
*     3      Day
*     4      irradiance         KJ m-2 d-1
*     5      min temperature            oC
*     6      max temperature            oC
*     7      vapor pressure            kPa
*     8      mean wind speed         m s-1
*     9      precipitation          mm d-1
*-----------------------------------------------------------
-72.20522,5.3295,209,0,0
1,2014,1,21275.94,21.38,34.38,2.83,1.08,0
1,2014,2,20832.78,21.24,34.94,2.66,1.22,0
1,2014,3,22059.29,20.05,33.45,2.65,1.07,0
1,2014,4,20956.2,20.31,34.01,2.83,0.94,0
1,2014,5,20682.11,19.9,31.6,2.67,0.97,0
1,2014,6,19219.23,21.05,31.95,3.04,0.45,0
1,2014,7,17245.6,20.81,30.71,2.95,0.57,0
1,2014,8,15651.38,20.7,30.2,2.97,1.33,0
1,2014,9,21832.12,19.19,32.69,2.43,1.3,0
1,2014,10,19941.28,20.57,32.47,2.72,1.46,0.2
1,2014,11,20812.88,21.39,33.29,3.07,1.15,0
1,2014,12,19496.39,22.17,34.27,2.84,1.07,0
1,2014,13,19937.63,22.67,34.07,2.92,0.81,0
1,2014,14,21526.53,20.71,34.11,2.65,0.74,0
1,2014,15,21150.56,20.94,35.24,2.64,0.85,0
1,2014,16,20535.89,21.07,33.87,2.93,0.85,0
1,2014,17,20581.98,19.29,32.09,2.56,0.78,0.2
1,2014,18,19340.49,20.21,31.61,2.76,0.91,0
1,2014,19,17773.94,22.4,31.8,3.18,0.9,0
1,2014,20,20189.72,20.42,31.92,2.73,0.87,0
1,2014,21,13996.84,21.22,30.12,3.05,1.21,0
1,2014,22,20783.55,21.16,32.76,2.92,0.86,0
1,2014,23,20447.46,22.29,33.89,2.99,2.29,0
1,2014,24,21093.67,22.61,33.01,3.19,1.38,0
1,2014,25,20080.85,23.07,33.97,3.22,1.32,0
1,2014,26,18312.67,22.4,33.5,3.03,1.1,0
1,2014,27,17294.17,21.36,31.56,3.04,1.26,0.2
1,2014,28,21037.72,19.77,34.07,2.68,1.18,6
1,2014,29,11743.96,21.58,28.98,3.02,1.3,0
1,2014,30,11298.76,22.36,29.06,3.09,1.34,9.2
1,2014,31,21652.79,21.23,34.23,2.77,1.07,0
1,2014,32,19495.56,22.46,32.66,3.17,1.17,0
1,2014,33,20134.6,20.53,31.83,2.71,1.07,0.4
1,2014,34,18971.79,20.4,32.1,2.86,1.45,0
1,2014,35,19891.11,20.95,32.15,3.03,0.95,0
1,2014,36,19007.56,20.57,32.07,2.8,0.61,0
1,2014,37,21009.65,20.82,32.32,3.01,1.28,0
1,2014,38,21447.65,19.67,33.47,2.63,0.19,4.2
1,2014,39,21300.19,17.24,32.74,2.46,0.77,0
1,2014,40,15221.47,19.39,29.59,2.61,0.95,0
1,2014,41,21743.73,20.23,33.93,3.19,1.16,0
1,2014,42,20704.99,21.09,33.19,3.03,2,0
1,2014,43,17285.42,22.4,31.4,2.95,2.93,0
1,2014,44,17556.05,23.61,35.31,2.83,0.88,0
1,2014,45,17660.22,22.44,32.64,3.21,1.22,0
1,2014,46,16294.47,20.79,29.79,2.91,1.39,9
1,2014,47,20919.66,21.78,33.98,2.86,2.47,0
1,2014,48,17908.74,20.63,31.03,2.87,2.37,3.2
1,2014,49,19471.23,23.05,33.85,3.03,1.62,0
1,2014,50,21584.48,22.05,33.65,3.25,0.2,0
1,2014,51,18145.03,23.28,34.38,2.85,2.39,0
1,2014,52,18137.44,22.28,31.88,3.11,0.81,0
1,2014,53,21144.07,23.02,36.12,2.82,1.1,0
1,2014,54,19639.97,22.89,34.19,3.15,0.93,0
1,2014,55,20491.5,22.2,34.9,2.65,1.01,0
1,2014,56,19285.66,22.9,34.1,2.93,0.56,0
1,2014,57,17660.22,22.44,32.64,3.22,0.16,0
1,2014,58,20718.6,21.5,33.8,2.9,1.14,0
1,2014,59,18391.34,22.57,34.27,2.87,0.88,0
1,2014,60,20416.08,22.5,33.2,3.08,1.79,0.6
1,2014,61,16957.55,21.16,31.36,3.01,1.43,0
1,2014,62,19984.64,23.71,35.71,2.82,1.2,0
1,2014,63,18701.55,23.33,34.43,2.85,1.87,0
1,2014,64,20736.6,21.15,35.15,2.71,1.18,0
1,2014,65,8603.02,23.55,27.95,3.07,0.73,2.2
1,2014,66,18129.64,22.74,33.54,3.12,0.74,2
1,2014,67,18515.79,23.96,35.26,2.99,0.68,0
1,2014,68,18556.39,23.08,32.98,2.86,0.91,42.8
1,2014,69,18167.3,24.02,34.62,2.92,0.51,0
1,2014,70,13081.87,23.04,30.14,3.17,0.75,0
1,2014,71,18504.99,23.77,35.67,2.87,1.38,0
1,2014,72,17465.16,24.09,34.39,3,1.04,2.2
1,2014,73,15962.73,23.13,32.53,3.18,0.63,15.8
1,2014,74,19112.86,25.19,35.69,2.8,1.08,0
1,2014,75,16455.1,23.15,31.65,3.18,0.97,0.2
1,2014,76,19025.41,24.56,35.46,2.76,1.48,0
1,2014,77,19281.33,24.02,36.92,2.94,0.36,0
1,2014,78,20259.6,23.82,37.12,2.95,0.92,0
1,2014,79,19132.32,21.52,32.42,2.73,0.78,0
1,2014,80,19864.38,22.88,33.78,2.89,0.98,9.8
1,2014,81,20083.33,22.45,34.55,2.85,0.79,0
1,2014,82,21259.35,21.99,33.09,3.08,1.02,0
1,2014,83,18450.56,21.98,32.68,3.22,1.03,0.8
1,2014,84,21375.79,20.99,33.89,2.74,0.41,0.8
1,2014,85,18070.13,20.52,31.42,2.83,1.02,0
1,2014,86,18803.62,22.58,35.28,2.74,0.63,0
1,2014,87,20255.23,22.74,33.04,3.13,1.18,0
1,2014,88,20832.75,23.57,36.77,2.93,0.66,0
1,2014,89,19562.58,24.14,36.14,2.92,1.05,0
1,2014,90,16597.15,24.6,33.2,3.06,1.33,2.8
1,2014,91,17473.21,23.61,32.81,3.36,0.72,0
1,2014,92,11002.84,24.25,28.55,3.09,0.69,0
1,2014,93,16818.92,22.21,31.51,2.98,0.7,0
1,2014,94,17454.55,23.21,31.31,3.13,0.48,0
1,2014,95,14430.45,24.54,31.94,3.05,1.78,29.6
1,2014,96,15022.95,23.21,32.51,3.23,1.63,42.4
1,2014,97,19647.46,23.54,34.04,3.1,1.03,10.8
1,2014,98,20755.6,22.4,33.9,3.02,0.64,0
1,2014,99,19000.08,21.32,33.42,3.01,0.48,0
1,2014,100,13391.46,22.56,29.76,3.13,0.47,6.6
1,2014,101,17303.47,21.82,31.42,2.98,0.3,0
1,2014,102,16889.48,22.34,31.84,3.25,1.02,29.2
1,2014,103,18509.3,21.92,32.22,3.21,1.28,0
1,2014,104,17668.08,24.62,34.02,2.94,1.02,0
1,2014,105,14459.5,22.68,30.38,3.18,0.95,0
1,2014,106,12954.68,22.27,29.37,3.07,0.65,9
1,2014,107,17495,22.24,31.64,3.13,0.44,1.2
1,2014,108,20124.2,21.37,33.47,2.91,0.56,29.2
1,2014,109,16069.11,22.44,32.04,3.34,0.44,0.2
1,2014,110,13820.02,24.11,30.81,3.34,0.43,7.4
1,2014,111,11758.8,23.73,30.03,3.17,0.43,0.2
1,2014,112,18848.14,23.28,33.18,3.21,0.48,1.6
1,2014,113,14675.64,22.1,31.2,3.17,0.61,7.4
1,2014,114,17763.97,22.8,31.9,3.13,0.65,0.2
1,2014,115,17039.95,21.86,29.96,2.98,0.77,0
1,2014,116,12107.85,23.92,29.82,3.22,1.25,17.8
1,2014,117,13955.13,23.27,30.47,3.26,0.41,0
1,2014,118,11949,23.59,29.89,3.2,0.57,37.4
1,2014,119,20035.09,23.05,33.45,3.16,0.13,0
1,2014,120,17981.54,22.71,32.21,3.12,0.9,0.4
1,2014,121,12632.86,22.9,28.7,3.06,0.69,9.8
1,2014,122,19409.37,22.35,32.65,3.26,1.7,25.2
1,2014,123,15297.5,22.02,30.72,3.12,1.15,0
1,2014,124,18121.57,21.5,30.8,2.96,0.78,0.8
1,2014,125,19636.61,22.51,32.41,3.1,0.67,0
1,2014,126,19825.4,21.01,32.41,2.76,0.25,0.8
1,2014,127,17160.3,21.77,31.47,3,0.34,0.2
1,2014,128,14364.22,21.58,30.08,3.1,0.76,35.4
1,2014,129,18352.71,22.07,31.77,3.18,0.66,0
1,2014,130,16671.94,23.04,32.64,3.29,0.18,1
1,2014,131,15894.55,23.02,31.32,3.09,0.78,0
1,2014,132,21252.74,21.82,32.92,3.03,0.35,0
1,2014,133,18464.54,22.69,32.49,3.16,0.37,22.2
1,2014,134,15469.13,22.99,32.39,3.19,0.35,0.4
1,2014,135,20989.87,21.88,32.78,3.16,0.29,0
1,2014,136,18764.65,22.18,32.38,3.18,0.25,0
1,2014,137,11534.18,23.21,29.61,3.17,0.39,0.8
1,2014,138,13991.34,23.89,30.89,3.34,0.75,4.4
1,2014,139,17924.07,22.97,31.87,3.16,0.86,0
1,2014,140,11624.49,24.2,30,3.2,0.34,0
1,2014,141,14944.77,22.9,30.8,3.17,0.72,0
1,2014,142,13201.26,23.6,32.2,3.41,0.86,0
1,2014,143,18942.26,22.6,32.9,3.02,1.38,0
1,2014,144,22267.78,22.6,33.3,2.91,1.37,0
1,2014,145,21874.48,21.9,33.6,2.88,1.08,0
1,2014,146,20405.02,22.8,32.1,3.01,1.33,0.4
1,2014,147,13504.6,22,32.08,3.6,1.13,73.8
1,2014,148,15353.97,21.2,28.8,2.91,1.29,0
1,2014,149,19136.4,20.4,30.8,2.9,0.78,0
1,2014,150,12045.61,22.4,30.2,3.17,0.48,9.6
1,2014,151,18779.5,22.8,31.6,3.25,1.05,1
1,2014,152,18902.09,22.7,30.6,3.07,1.62,0
1,2014,153,13080.33,23.2,29.3,3.09,1.27,0.2
1,2014,154,18351.05,23.3,31.3,3.13,1.22,0
1,2014,155,19479.92,22.7,31.7,3.16,1.31,0
1,2014,156,18605.02,22.7,31.4,3.09,1.4,0
1,2014,157,15310.46,23.2,31.4,3.24,1.22,6.2
1,2014,158,8199.96,22.7,25.4,2.93,0.46,20.2
1,2014,159,10797.07,22.4,28.4,3.14,0.88,2.4
1,2014,160,18258.58,22.2,31.6,3.2,1.08,0
1,2014,161,12063.18,21.9,32.2,3.38,0.99,21.6
1,2014,162,8906.69,21.2,26.4,2.88,0.37,1.2
1,2014,163,17378.24,22.2,29.8,3.1,1,0
1,2014,164,18480.33,22.8,30.7,3.16,1.3,0
1,2014,165,7222.59,21.9,27.3,3,0.59,11.6
1,2014,166,10719.25,21.7,26.7,2.93,0.78,1.8
1,2014,167,17646.44,22.3,29.7,3.09,0.78,0
1,2014,168,10366.11,22.5,26.7,2.93,0.71,0.2
1,2014,169,15238.91,21.8,29.4,3.11,1,33
1,2014,170,6947.7,21.6,30.45,3.38,1.99,7.2
1,2014,171,9910.46,20.3,31.27,3.29,1.98,1.4
1,2014,172,11448.12,20.5,27.7,2.88,0.63,1.8
1,2014,173,12815.9,21.7,29.4,3.11,0.52,9.4
1,2014,174,15976.99,21.8,30.1,3.16,0.95,52.4
1,2014,175,13674.48,21.9,28.2,3.03,1.67,2.4
1,2014,176,9772.2,20.7,26.88,2.92,1.08,12.8
1,2014,177,15173.64,20.3,28.7,2.95,1.03,2.6
1,2014,178,21005.02,19.7,30.8,2.82,1.28,0
1,2014,179,10330.96,22.3,27.7,3.04,1.06,15.4
1,2014,180,11361.51,21.1,28.3,3,0.31,4
1,2014,181,7655.23,21.8,25.7,2.86,0.97,40
1,2014,182,11900.84,22.2,28.7,3.16,0.68,6.8
1,2014,183,15015.06,21.7,29.7,3.18,0.6,0
1,2014,184,20785.36,20.3,30.9,2.92,0.83,0
1,2014,185,10651.05,22.7,30,3.27,0.9,7.6
1,2014,186,15617.57,22.6,30.2,3.32,0.99,3.6
1,2014,187,12479.08,20.9,29.6,3.02,0.52,1
1,2014,188,9933.89,21.2,28.3,3.05,1.09,5.6
1,2014,189,10793.31,21.3,27.8,3.02,1.02,7
1,2014,190,12272.38,21.1,27.3,2.9,0.84,2
1,2014,191,13215.06,20.9,27.7,2.86,0.99,2
1,2014,192,11718.41,21.4,27.2,2.92,0.62,47
1,2014,193,11245.78,21.3,28.9,3.22,0.53,43.8
1,2014,194,12770.71,21.8,27.4,3,0.32,18
1,2014,195,15582.01,21.6,29.4,3.1,0.7,46.4
1,2014,196,14516.74,22.2,29.7,3.15,0.71,8.4
1,2014,197,15436.82,22.3,29.1,3.08,0.9,6.6
1,2014,198,13376.99,21.1,30,3.17,1.06,11.2
1,2014,199,12860.67,20.7,30.6,3.09,0.34,0.6
1,2014,200,17474.9,21.9,30.7,3.14,0.82,0
1,2014,201,7766.95,21.7,26.1,2.85,1.17,20.6
1,2014,202,15972.8,21.2,29.7,3.05,0.97,0
1,2014,203,20928.45,22.7,31.3,3.13,1.19,0
1,2014,204,8273.36,23.9,26.8,2.98,0.19,0
1,2014,205,20043.93,22.7,31.7,3.26,0.61,7.8
1,2014,206,20355.23,22.6,32.3,3.17,1.21,0
1,2014,207,12828.03,22.3,29.2,3.05,0.87,0.4
1,2014,208,20263.6,22.3,30.3,3.06,1.49,0
1,2014,209,20896.23,21.1,31.4,2.99,0.68,0
1,2014,210,16302.93,21.8,28.3,2.91,1.74,12.4
1,2014,211,17715.48,21.6,30.3,3.01,1.33,0
1,2014,212,18023.43,22.1,30.8,3.1,0.97,0.4
1,2014,213,20730.54,22.3,30.5,3.11,1.36,0.2
1,2014,214,9583.26,21.3,28.9,2.91,1.72,1.8
1,2014,215,16151.46,21,31.3,3.05,0.46,0
1,2014,216,9480.68,21.6,27.3,2.86,0.03,0.2
1,2014,217,14935.09,22.22,29.82,3.09,0.48,0
1,2014,218,18338.73,21.56,32.96,3.42,0.59,0
1,2014,219,13091.21,21.3,28.9,2.93,0.13,0
1,2014,220,16374.9,21.9,29.7,3.01,0.12,0
1,2014,221,15321.76,22.2,30.9,3.14,0.03,0
1,2014,222,10942.26,20.9,29.1,3.05,0.48,19.6
1,2014,223,20583.26,19.7,30.6,2.91,0.1,0.2
1,2014,224,10625.52,21.9,30.4,3.12,0.02,12
1,2014,225,12710.88,21.3,31.6,3.11,0.02,24.8
1,2014,226,9627.2,21.1,26.2,2.8,0.08,21
1,2014,227,17193.72,21.8,31.3,3.16,0.35,0.2
1,2014,228,16922.59,22.9,30.2,3.11,0.56,0.6
1,2014,229,10164.02,21.3,28,3,0.01,11
1,2014,230,14121.34,21.2,27.3,2.96,0.61,25.4
1,2014,231,7312.13,21.8,26.1,2.74,0.33,8
1,2014,232,12397.49,22.1,28.2,2.93,0.4,0
1,2014,233,18811.3,22.2,29.8,2.93,0.49,0
1,2014,234,22141,20.3,31.3,2.89,0.2,0
1,2014,235,17324.69,22.8,30.4,3.05,0.34,0
1,2014,236,18092.89,22.4,32.1,3.25,0.02,0
1,2014,237,7855.23,21.8,28.1,3.07,0,3.8
1,2014,238,8522.68,19.9,25.1,2.67,0.02,8.4
1,2014,239,14530.96,21.3,28.9,3.02,0.26,0
1,2014,240,7851.38,21.2,25.1,2.74,0.39,0.2
1,2014,241,22566.53,19.3,31.7,3.08,0.31,0
1,2014,242,24009.62,19.3,32.8,2.77,0.29,0
1,2014,243,22416.74,21.3,32.8,3.11,0.38,0
1,2014,244,18274.48,22,32.1,3.16,0.5,1
1,2014,245,17945.19,23,31.2,3.2,0.06,0
1,2014,246,13817.54,24.7,32.79,3.84,0.72,0
1,2014,247,9767.78,24.8,31.6,3.23,0.49,0
1,2014,248,21481.17,22.9,32.8,3.29,0,0
1,2014,249,17280.75,21.9,32.2,3.27,0.02,14.8
1,2014,250,12798.33,20.8,30.5,2.95,0.02,0.8
1,2014,251,9987.03,21.3,27.3,2.81,0.45,0
1,2014,252,16158.58,21.9,30.2,3.11,0.01,0
1,2014,253,14709.62,22.9,30.2,3.27,0.02,3.2
1,2014,254,16136.82,22.6,28.7,3.07,0.03,2.4
1,2014,255,17772.38,23.1,30,3.14,0.07,0.4
1,2014,256,21909.62,22.2,30.7,3.04,0.07,0
1,2014,257,10762.34,22.6,28.8,3.15,0.04,0
1,2014,258,13884.1,22.2,29.4,3.07,0.32,2.8
1,2014,259,18848.12,22,32.1,3.32,0.26,0
1,2014,260,18876.99,23.2,32.2,3.43,0.02,1.6
1,2014,261,19513.39,22.3,32.7,3.43,0.66,0
1,2014,262,23505.44,21.2,31.3,3.05,0.02,0.2
1,2014,263,9297.07,22.9,28,3.01,0.47,0
1,2014,264,18504.18,22.7,31.6,3.22,0,0.2
1,2014,265,19742.68,22.2,31.8,3.23,0.04,0
1,2014,266,15235.56,21.2,31.6,3.17,0.01,0
1,2014,267,21851.88,20.8,33,3.1,0.01,0
1,2014,268,22341.42,21.7,33.2,3.01,0.53,0
1,2014,269,19105.86,22.5,33.6,3.27,0,0
1,2014,270,16148.12,21.9,31.9,3.07,0.52,0
1,2014,271,19125.94,20.6,31.6,3,0.02,0
1,2014,272,23456.07,19,33.4,2.89,0.01,0
1,2014,273,21524.27,20.8,33.6,3.2,0.01,0
1,2014,274,13685.08,21.5,30,3.14,0.02,15
1,2014,275,13162.34,20.2,31,3.02,0.01,1.2
1,2014,276,18217.99,22.8,31.8,3.33,0.54,1.2
1,2014,277,21253.56,22.4,32.4,3.33,0.59,11.2
1,2014,278,10631.8,22.4,28.2,3.02,0,4
1,2014,279,14587.45,21.3,30.2,3.12,0,32.4
1,2014,280,19226.78,22.1,30.5,3.26,0.04,0.2
1,2014,281,18390.38,22.6,31.2,3.21,0.01,0
1,2014,282,16351.46,22.3,30.4,3.16,0.02,1.6
1,2014,283,7276.99,21.1,27.4,2.94,0.62,35.4
1,2014,284,13024.69,21.5,28.3,3.03,0.02,0.8
1,2014,285,15045.61,23,30.6,3.24,0.36,1.4
1,2014,286,7850.21,21.6,26.9,2.96,0.01,97.4
1,2014,287,14202.09,21.6,30.8,3.22,0.45,0.2
1,2014,288,21101.26,21.3,30.7,3.04,0.52,0
1,2014,289,17161.51,22.1,31.2,3.1,0.49,0
1,2014,290,15638.49,22.2,30.8,3.18,0.79,0
1,2014,291,17141,20.6,30.5,2.98,0.01,0
1,2014,292,22300,22.6,32.2,3.05,0.04,0
1,2014,293,15013.39,22.3,29.1,3.03,0.02,2
1,2014,294,20408.79,21.6,31.8,3.14,0.02,0
1,2014,295,16748.56,20.2,33.94,3.68,0.33,39
1,2014,296,22710.46,19.1,31.3,3,0.01,0
1,2014,297,21692.47,22.4,31.9,3.08,0.02,0
1,2014,298,9297.49,22.2,28.8,3.16,0.07,49
1,2014,299,20593.31,21.7,31.6,3.16,0.06,0.8
1,2014,300,12719.67,21.4,28.9,3,0.08,27.2
1,2014,301,17104.18,22.7,30.3,3.2,0.14,3
1,2014,302,21810.46,21.2,30.8,3.03,0.26,0.2
1,2014,303,19107.95,21.7,31.5,3.18,0.14,0
1,2014,304,16736.75,21.02,30.42,2.97,1.12,0.2
1,2014,305,15491.07,21.64,29.64,2.98,1.39,1.8
1,2014,306,19642.85,22.32,32.82,3.24,1.4,0
1,2014,307,18184.03,22.62,31.62,3.14,1.23,0
1,2014,308,18216.18,22.99,32.79,3.3,1.05,0
1,2014,309,17001.66,22.49,31.49,2.96,1.8,0
1,2014,310,20888.31,21.94,32.84,3.15,0.52,0
1,2014,311,18658.6,22.07,32.97,2.87,0.38,0
1,2014,312,16780.94,22.27,32.07,3.35,0.54,0
1,2014,313,16024.76,22.28,31.28,3.18,0.97,0
1,2014,314,18296.87,22.96,31.96,3.2,0.61,0
1,2014,315,16911.52,22.26,32.06,3.35,0.69,0
1,2014,316,16749.3,22.52,31.92,3.08,1.62,0
1,2014,317,19495.26,22.46,33.56,3.12,2.58,0
1,2014,318,21398.64,21.54,32.84,3.1,1.36,1.8
1,2014,319,16881.75,21.07,31.47,2.98,0.8,0
1,2014,320,15256.32,22.88,30.28,3.13,0.33,0
1,2014,321,14254.2,22.43,30.83,3.17,1,0.2
1,2014,322,14005.09,22.45,31.85,3.11,1.8,0
1,2014,323,19730,22.35,32.35,3.16,2.1,0.2
1,2014,324,9655.36,24.07,28.97,3.17,1.82,110
1,2014,325,17439.81,22.01,31.81,3.18,1.24,0
1,2014,326,17699.5,21.97,31.77,3.17,2.26,0
1,2014,327,21275.88,22.46,32.86,3.16,1.83,0.2
1,2014,328,17472.88,22.01,31.81,3.18,2.25,0
1,2014,329,10331.92,22.1,27.5,2.84,2.81,0
1,2014,330,20809.21,20.2,31.4,2.9,1.91,0
1,2014,331,18903.35,20.4,31.3,2.99,2.78,0
1,2014,332,21381.59,20.3,31.9,2.99,1.62,0
1,2014,333,15099.58,20.9,31.7,3.07,1.54,0
1,2014,334,13304.18,21.9,30.2,3.1,0.04,0
1,2014,335,17010.04,21.7,31.9,3.12,0.01,0.4
1,2014,336,19183.26,20.9,33,3.15,1.58,0.2
1,2014,337,20843.51,20.3,33,2.98,0.97,0
1,2014,338,20416.74,20.8,33.6,3.09,1.23,0
1,2014,339,19399.16,22.1,33.1,3.28,0.64,0.8
1,2014,340,13568.2,21.6,30.4,3.16,0.41,41.8
1,2014,341,17553.14,21.3,32.2,3.13,1.14,0
1,2014,342,17488.7,21.9,32.2,3.19,0,0
1,2014,343,12417.57,21.6,32.1,3.09,0.01,0
1,2014,344,20424.69,19.9,32.5,2.96,1.81,0
1,2014,345,13265.27,22.5,30.7,3.16,1.81,0
1,2014,346,17160.67,21.2,32.2,3.14,1.13,0
1,2014,347,18117.99,20.8,32.1,3.01,0,0
1,2014,348,17484.94,20.4,32.3,2.9,0.01,0
1,2014,349,16763.18,22.9,32.1,2.95,1.5,0
1,2014,350,19689.12,21.2,32.8,2.95,0,0
1,2014,351,20740.17,20.7,32.8,2.85,1.78,0
1,2014,352,20117.57,21.3,32.2,2.82,1.58,0
1,2014,353,20274.9,21.7,31.6,2.83,2.12,0
1,2014,354,19863.6,21.3,31.8,2.75,2.38,0
1,2014,355,19993.72,19.7,32.1,2.64,2.62,0
1,2014,356,20774.48,19,32.3,2.67,2.42,0
1,2014,357,16925.94,18.2,33.1,2.82,1.85,0
1,2014,358,20285.77,22.6,31.9,2.94,2.27,0
1,2014,359,19146.03,22.6,31.8,2.92,1.91,0
1,2014,360,20240.17,19.1,31.6,2.7,1.95,0
1,2014,361,18509.21,20.8,32.4,2.81,2.14,0
1,2014,362,20970.29,20.3,32.5,2.8,2.17,0
1,2014,363,20956.9,21.9,33.1,2.84,2.43,0
1,2014,364,17147.28,20.4,32.8,2.98,2.28,1
1,2014,365,18114.64,19.9,31.2,2.59,3.1,0
