*-----------------------------------------------------------
*  Station Name: YOCS
*  DSSAT Weather file - by https://github.com/jrodriguez88
*  Longitude: -72.20522 -- Latitude: 5.3295 -- Elevation: 209m
*-----------------------------------------------------------
*  Date: 2014-01-01 : 2021-12-31
*
*  Column    Daily Value
*     1      Station number
*     2      Year
*     3      Day
*     4      irradiance         KJ m-2 d-1
*     5      min temperature            oC
*     6      max temperature            oC
*     7      vapor pressure            kPa
*     8      mean wind speed         m s-1
*     9      precipitation          mm d-1
*-----------------------------------------------------------
-72.20522,5.3295,209,0,0
1,2021,1,15250.39,20.22,33.17,2.88,0.51,0
1,2021,2,18179.24,22.72,32.17,3.07,0.6,1.02
1,2021,3,13782.51,21.28,31.39,2.84,0.51,0
1,2021,4,17276.06,21.5,31.56,2.74,0.54,0
1,2021,5,22157.19,19.28,33.83,2.63,0.54,0
1,2021,6,17046.38,18.83,33.83,2.69,0.38,0
1,2021,7,16804.61,21.44,34.61,2.97,0.43,0
1,2021,8,12550.32,21.78,34.32,3.8,0.05,50.8
1,2021,9,13463.03,21.33,31.28,3.17,0.22,3.54
1,2021,10,15095.83,22.22,31.17,3.08,0.43,0.25
1,2021,11,19021.11,22.5,31.78,3.03,0.55,0
1,2021,12,21161.62,19.94,31.61,2.73,0.6,0
1,2021,13,21337.77,20,32.61,2.71,0.57,0
1,2021,14,20553.75,19.72,33.06,2.75,0.44,0
1,2021,15,21032.1,20.22,34.22,2.76,0.46,0
1,2021,16,21475.06,20.44,33.11,2.81,0.55,0
1,2021,17,21291.14,20.67,33.61,2.74,0.7,0
1,2021,18,21136.58,20.5,33.22,2.76,0.67,0
1,2021,19,22119.2,20.83,33.33,2.72,0.9,0
1,2021,20,19557.32,19.94,33.39,2.75,0.8,0
1,2021,21,19230.07,19.94,33.67,2.79,0.51,4.83
1,2021,22,17675.84,22.17,33.39,2.87,0.5,0
1,2021,23,13084.84,22.78,33.83,3.01,0.27,0
1,2021,24,17463.43,22.78,33,2.81,0.76,0
1,2021,25,16827.06,23.28,33.5,2.79,0.59,0
1,2021,26,18830.29,20.89,33.33,2.59,0.87,0
1,2021,27,18715.45,20.28,33.22,2.61,0.87,0
1,2021,28,20708.31,20.61,33.22,2.51,0.96,0
1,2021,29,18699.9,21.56,34.22,2.64,0.75,0
1,2021,30,20982.02,19.17,34.33,2.51,0.7,0
1,2021,31,20809.33,20,35.22,2.63,0.98,0
1,2021,32,17765.64,22.5,33.89,2.81,0.92,0
1,2021,33,19585.81,22.11,35.67,2.74,0.65,0
1,2021,34,20996.7,21.61,35.83,2.69,0.36,0
1,2021,35,17081.78,22.11,36.33,2.99,0.61,0
1,2021,36,15221.9,22.78,33.83,2.99,0.85,0
1,2021,37,17794.14,22.94,34.67,2.88,0.54,0
1,2021,38,18758.62,22.5,34.28,2.77,0.57,0
1,2021,39,20956.98,22.11,35.28,2.63,0.83,0
1,2021,40,19265.47,21.22,34.06,2.65,1.08,0
1,2021,41,17647.35,23.39,33.67,2.76,0.92,0.51
1,2021,42,20470.86,23.33,33.72,2.55,1.2,0
1,2021,43,20543.39,22.06,35.5,2.49,0.83,0
1,2021,44,18665.37,22,35.94,2.69,0.74,0
1,2021,45,20053.81,23.17,35.06,2.7,1.1,0
1,2021,46,18124.84,23.44,34.89,2.78,0.83,0
1,2021,47,19920.83,23.06,34.78,2.6,0.94,0
1,2021,48,15822.86,25.17,31.72,2.42,1.18,0
1,2021,49,20837.83,20.5,34.72,2.24,1.15,0
1,2021,50,19135.95,20.22,35.11,2.4,1.04,0
1,2021,51,18535.85,20.94,33.44,2.36,1.09,0
1,2021,52,18384.74,23.11,35.33,2.57,0.83,0
1,2021,53,15017.26,23.06,34.33,2.75,0.6,2.03
1,2021,54,21921.47,22.28,35.11,2.55,1.09,0
1,2021,55,11807.78,23.44,33.06,2.75,0.4,0.5
1,2021,56,16837.43,23.67,34.56,2.98,0.68,0
1,2021,57,13875.77,23.89,32.44,2.57,1.18,0
1,2021,58,8843.53,24.83,30.61,2.48,0.87,0
1,2021,59,17262.25,24.5,32.28,2.32,1.43,0
1,2021,60,23119.08,21.78,33.67,2.21,1.42,0
1,2021,61,22597.55,19.28,34.44,2.11,1.35,0
1,2021,62,22190.86,18.72,34.89,2.03,0.99,0
1,2021,63,20356.02,24.44,36.67,1.99,0.53,0
1,2021,64,17927.11,24.83,35.83,2.35,0.42,0
1,2021,65,17370.18,23.61,35.72,2.83,0.7,0
1,2021,66,12023.65,22.89,34.17,3.26,0.32,2.02
1,2021,67,19445.93,23.44,36,3.01,0.77,0
1,2021,68,22388.6,20.61,35.72,2.67,0.94,0
1,2021,69,17254.48,23.67,32.83,2.39,0.91,0
1,2021,70,7357.52,23.78,33.89,2.49,0.33,0
1,2021,71,12250.74,24.06,34.22,2.35,0.68,0
1,2021,72,12073.73,23.67,31.72,2.53,0.37,0
1,2021,73,21424.11,22.17,35,2.69,0.76,0
1,2021,74,14441.33,23.56,31.33,2.69,0.92,2.03
1,2021,75,7885.96,22.94,30.22,3.02,0.1,9.91
1,2021,76,15304.79,22.78,31.67,3.05,0.53,15.49
1,2021,77,17301.97,23.5,33.5,2.97,0.5,0
1,2021,78,21781.58,23.89,33.67,2.63,0.77,0
1,2021,79,22094.16,23.89,33.44,2.45,1.35,0
1,2021,80,21266.1,22,34.72,2.46,0.7,0
1,2021,81,18471.09,23,35.5,2.63,1.07,0
1,2021,82,13355.1,23.11,34.67,3.04,0.4,0
1,2021,83,8113.05,21.44,28.39,2.9,0.16,53.85
1,2021,84,12311.18,22.06,29.67,2.98,0.2,0.75
1,2021,85,10433.16,22.89,30.17,3.08,0.15,1.52
1,2021,86,15207.22,22.22,30.39,2.93,0.35,2.28
1,2021,87,15758.1,21.94,32,2.68,0.78,0
1,2021,88,13678.9,21.83,33.17,2.92,0.25,0
1,2021,89,11188.69,23.28,28.94,2.95,0.23,14.47
1,2021,90,18168.88,22.44,32.5,2.98,0.6,0.25
1,2021,91,16639.69,23.56,33.61,3.01,0.36,0
1,2021,92,12624.62,23.5,32.83,2.96,0.34,0.5
1,2021,93,18838.06,24,35.06,3.09,0.48,0
1,2021,94,18478,23.06,34.56,3.12,0.71,0
1,2021,95,11603.15,23.22,31.33,3.3,0.74,11.16
1,2021,96,17474.66,22.83,32.33,3.23,0.13,0.75
1,2021,97,15887.62,23.33,33.17,3.34,0.43,11.43
1,2021,98,19168.76,22.89,33.28,3.4,0.27,0.75
1,2021,99,11401.1,23.28,30.67,3.18,0.08,0
1,2021,100,10368.4,22.33,29.72,2.98,0.07,13.46
1,2021,101,19255.11,22.17,33.33,3.17,0.03,0.76
1,2021,102,14585.53,22.56,30.67,3.02,0.7,43.43
1,2021,103,22899.76,21.28,33.22,2.99,0.91,0
1,2021,104,17678.43,23.44,31.61,3.12,1.26,0.25
1,2021,105,18262.13,22.28,31.06,3.11,0.25,11.42
1,2021,106,20201.46,22.44,34.67,3.12,0.15,37.84
1,2021,107,17769.1,22.44,32.94,3.39,0.14,5.07
1,2021,108,17747.51,22.89,32.44,3.02,0.24,0
1,2021,109,17715.56,21.39,32.06,2.82,0.29,0
1,2021,110,22838.46,20.56,33.33,2.68,0.44,0
1,2021,111,22097.61,22.06,33.72,2.77,0.25,0
1,2021,112,22201.23,22.33,34.17,2.78,0.22,0
1,2021,113,22546.61,23.78,35.06,2.94,0.33,0
1,2021,114,23069,23.56,35.5,2.91,0.45,0
1,2021,115,21291.14,22.78,35.39,3.02,0.29,0
1,2021,116,16372.89,23.61,34.17,3.18,0.16,0
1,2021,117,9055.52,22.44,26.44,2.86,0.28,67.56
1,2021,118,16211.42,22,29.94,2.98,0.46,0
1,2021,119,11981.25,22.11,33.21,3.66,0.03,71.37
1,2021,120,8782.23,22.11,27,2.86,0.51,6.85
1,2021,121,18790.57,21.61,31.61,3.08,0.03,1.78
1,2021,122,17139.64,22.89,31.39,3.21,0.07,10.41
1,2021,123,12502,22.89,29.56,3.19,0.03,24.38
1,2021,124,22536.25,22.11,31.33,3.07,0.1,0
1,2021,125,20305.94,23,30.61,3.13,0.08,3.05
1,2021,126,16258.05,23.22,33.28,3.36,0.12,1.27
1,2021,127,14991.35,22.67,31.33,3.32,0.13,14.73
1,2021,128,15995.55,22.39,30.56,3.18,0.16,3.55
1,2021,129,18154.2,22.44,30.72,3.16,0.05,1.26
1,2021,130,9617.19,22.67,27.83,3.02,0.53,24.12
1,2021,131,13632.27,22.67,30.33,3.23,0.07,8.37
1,2021,132,13016.63,22.67,30.44,3.15,0.07,0.5
1,2021,133,17758.74,23.17,32.72,3.13,0.12,0
1,2021,134,20201.46,23.39,33.17,3.16,0.09,0
1,2021,135,21014.83,23.78,33.44,3.24,0.14,0
1,2021,136,8865.89,22.72,26.5,2.93,0.05,26.67
1,2021,137,7741.56,21.72,26.06,2.85,0.22,51.05
1,2021,138,17715.56,21.28,29.83,3.02,0.16,0
1,2021,139,11156.74,23,28.5,3.06,0.05,6.09
1,2021,140,15963.61,22.06,31.94,3.24,0.12,0.25
1,2021,141,17474.66,22.06,32.56,3.16,0.27,0
1,2021,142,15311.7,23.33,31.94,3.22,0.22,0
1,2021,143,21701.28,23.28,33.56,3.22,0.16,0
1,2021,144,11922.62,22.61,29.94,3.1,0.12,10.41
1,2021,145,9058.34,21.5,26.83,2.9,0.03,57.4
1,2021,146,17556.69,21.44,31.33,3.14,0.27,0.25
1,2021,147,6706.48,22.17,26.83,2.87,0.03,28.46
1,2021,148,17966.83,22.22,31.17,3.15,0.02,0.25
1,2021,149,20665.13,22.94,32.5,3.27,0.12,0
1,2021,150,9574.02,23.33,30.11,3.27,0.18,2.02
1,2021,151,19391.53,23.28,32.61,3.29,0.14,0.5
1,2021,152,10185.35,22.67,29.83,3.23,0.12,8.39
1,2021,153,18409.78,22.06,30.33,3.12,0.18,0.25
1,2021,154,14797.94,23.44,32.5,3.36,0.09,0
1,2021,155,13912.03,22.56,30.78,3.19,0.05,17.53
1,2021,156,18294.94,22.67,31.67,3.27,0.1,0.25
1,2021,157,15646.72,22.89,29.44,3.08,0.25,2.03
1,2021,158,16675.1,22.17,32.17,3.18,0.12,0.5
1,2021,159,13581.33,23.67,31.67,3.34,0.33,0.51
1,2021,160,17729.38,23.56,32.78,3.29,0.07,0
1,2021,161,8604.22,22.06,27.28,2.93,1.35,20.81
1,2021,162,17963.37,22.94,30.33,3.01,0.27,0
1,2021,163,14693.46,22.78,29.11,3,0.31,0.25
1,2021,164,16761.44,21.94,31.78,3.2,0.02,0
1,2021,165,17823.49,22.61,31.83,3.23,0.05,2.8
1,2021,166,13886.99,22.5,28.72,2.96,0.22,3.56
1,2021,167,14700.37,21.11,31.28,3.14,0.02,23.87
1,2021,168,18773.3,22.44,29.89,3.09,0.1,0.25
1,2021,169,15150.23,22.06,30.44,3.14,0.02,22.09
1,2021,170,19628.98,21.89,32.28,3.25,0.07,0.5
1,2021,171,8603.85,21.39,26.67,2.89,0.1,56.88
1,2021,172,17175.9,21.39,32.22,3.19,0.02,15.75
1,2021,173,20065.03,22,29.83,3.01,0.27,2.79
1,2021,174,18783.66,21.83,31.33,3.1,0.18,0.25
1,2021,175,17953.01,21.89,32.11,3.16,0.17,0
1,2021,176,12242.97,22.72,31.56,3.32,0.09,25.14
1,2021,177,9043.9,21.06,29.04,3.12,0.25,8.63
1,2021,178,12721.32,19.89,28.94,2.82,0.02,7.87
1,2021,179,21312.73,21.56,31.22,3.08,0.25,0.25
1,2021,180,17794.14,22.89,31.72,3.19,0.16,0
1,2021,181,11228.4,20.94,28.5,2.94,0.27,37.84
1,2021,182,12761.04,20.89,26.44,2.7,1.58,0.5
1,2021,183,9451.41,20.72,25.17,2.56,0.73,0
1,2021,184,14261.73,21.06,28.44,2.79,0.67,0
1,2021,185,12656.56,22.22,29.56,3.02,0.16,0.51
1,2021,186,18801.79,21,29.56,2.83,0.23,0.25
1,2021,187,11908.81,21.28,27.78,2.87,0.09,84.83
1,2021,188,20672.91,21.67,31.89,3.06,0.05,15.48
1,2021,189,18586.79,22.22,31.61,3.18,0.44,1.26
1,2021,190,7531.08,22.5,26.17,2.88,0.21,22.36
1,2021,191,11703.31,21.56,29.67,3.11,0.22,11.17
1,2021,192,15074.25,22.44,29.94,3.11,0.33,0.76
1,2021,193,16668.19,22,30.28,3.01,0.28,0
1,2021,194,7598.43,21.06,28.78,2.91,0.07,29.97
1,2021,195,13210.9,20.72,29.39,2.91,0.23,0.25
1,2021,196,19831.03,20.67,31.44,3.05,0.09,0.25
1,2021,197,17416.81,22.17,31.22,3.18,0.33,0
1,2021,198,13139.24,22.33,30.56,3.14,0.24,1.01
1,2021,199,9599.06,21,28.72,2.97,0.25,4.06
1,2021,200,12455.38,20.5,29.83,2.9,0.09,0.25
1,2021,201,20525.25,21.67,31.22,3.01,0.22,0
1,2021,202,11037.58,22.06,28.61,2.98,0.39,10.16
1,2021,203,13506.21,22.06,28.78,3,0.21,12.19
1,2021,204,13793.74,22.11,28.89,2.95,0.4,0
1,2021,205,10264.79,22.78,28.33,3.03,0.34,3.05
1,2021,206,15474.03,22.67,29.83,3.11,0.18,0.25
1,2021,207,11789.85,20.78,32.15,3.41,0.15,44.44
1,2021,208,13901.67,21.67,31,3.13,0.3,0.76
1,2021,209,13506.21,22.56,31.78,3.38,0.03,10.16
1,2021,210,11905.36,21.89,30.28,3.21,0.3,7.11
1,2021,211,9435.99,21.56,26.78,2.89,0.18,18.03
1,2021,212,11663.59,21.28,27.28,2.79,0.22,0.5
1,2021,213,14905.01,21.67,28.83,2.87,0.76,0
1,2021,214,10933.1,22.33,26.5,2.78,0.71,0
1,2021,215,10678.38,21.61,29.67,2.96,0.31,0
1,2021,216,16125.07,22.11,28.72,2.87,0.76,0
1,2021,217,12937.19,22.5,27.94,2.88,0.76,0
1,2021,218,16171.7,21.39,29.89,2.85,0.44,0
1,2021,219,15837.54,22.22,31.83,3.08,0.02,0
1,2021,220,12815.44,22.56,31.61,3.24,0.29,2.02
1,2021,221,11282.8,21.89,32.06,3.32,0.09,2.54
1,2021,222,13678.03,21.28,31.44,3.16,0.1,1.52
1,2021,223,20248.08,21.06,33.28,3.16,0.03,2.03
1,2021,224,17711.25,21.17,31.83,3.13,0.09,87.37
1,2021,225,9228.64,22.11,27.39,2.87,0.18,9.4
1,2021,226,6652.08,21.83,28.17,3,0.22,25.9
1,2021,227,18884.68,21,31.33,3.06,0.12,0.25
1,2021,228,16948.81,21.78,31.28,3.1,0.08,17.78
1,2021,229,13858.5,22.83,32.11,3.33,0.08,2.79
1,2021,230,18341.57,22.56,31.22,3.18,0.07,1.27
1,2021,231,7073.45,21.78,27.39,2.93,0.24,25.39
1,2021,232,18416.69,22.28,32,3.1,0.09,0
1,2021,233,16970.4,22.17,31.61,3.16,0.11,16.76
1,2021,234,15316.01,22.61,32.39,3.35,0.03,2.28
1,2021,235,19938.97,22.11,33.5,3.22,0.03,0
1,2021,236,10627.44,23,30,3.17,0.02,17.02
1,2021,237,17679.3,22.11,32.5,3.22,0.21,0
1,2021,238,19906.15,23.28,33.5,3.31,0.03,0
1,2021,239,21848.93,22.22,34.06,3.13,0.12,11.94
1,2021,240,18114.48,21.94,32.78,3.27,0.24,3.8
1,2021,241,13121.1,22.39,31.56,3.24,0.08,0.51
1,2021,242,11749.93,21.78,29.17,2.98,0.09,7.35
1,2021,243,17046.38,21.94,31.78,3.15,0.05,4.06
1,2021,244,12293.91,22.94,28.17,2.96,0.28,0.25
1,2021,245,21838.57,22.33,34.06,3.21,0.24,0
1,2021,246,16362.52,22.67,33.5,3.27,0.12,0
1,2021,247,18345.02,22.33,32.67,3.21,0.24,0
1,2021,248,16697.55,23.5,33.11,3.32,0.24,0
1,2021,249,7004.37,21.89,30.67,3.21,0.33,22.36
1,2021,250,16492.04,21.5,29.56,2.94,0.27,0.25
1,2021,251,16301.22,22.83,31.28,3.16,0.24,0
1,2021,252,22388.6,22,33.33,3.13,0.29,0.76
1,2021,253,20510.58,23.06,32.61,3.09,0.6,0
1,2021,254,19783.54,22.28,32.22,3.12,0.33,0.25
1,2021,255,18406.33,22.61,33.22,3.25,0.03,0.25
1,2021,256,21039.87,22.44,34.17,3.23,0.12,2.02
1,2021,257,20748.03,21.89,33.72,3.12,0.38,0
1,2021,258,15747.74,22.33,32.89,3.19,0.23,11.94
1,2021,259,15772.78,22.22,31,3.08,0.19,0.5
1,2021,260,18549.66,21.72,32.61,3.12,0.18,0
1,2021,261,19140.27,21.17,31.56,2.94,0.34,0
1,2021,262,13908.58,22.22,31.33,3.09,0.03,0
1,2021,263,20956.98,22.39,32.56,3.04,0.27,0
1,2021,264,16668.19,22.28,32.56,3.27,0.05,45.46
1,2021,265,10623.98,22.5,30.11,3.19,0.2,33.26
1,2021,266,14984.45,22.17,29.33,3,0.19,0
1,2021,267,6810.95,21.06,28.28,2.95,0.14,20.82
1,2021,268,21294.59,21.61,31.22,3,0.51,0
1,2021,269,23140.67,21.17,33.67,3.09,0.23,0
1,2021,270,16938.45,22.39,33.17,3.24,0.1,1.77
1,2021,271,18431.37,22.06,32.39,3.11,0.09,0
1,2021,272,16956.58,21.83,33.11,3.24,0.07,0.5
1,2021,273,16143.21,22,32.17,3.28,0.51,39.11
1,2021,274,19964.01,21.56,33,3.17,0.03,0.25
1,2021,275,23151.03,22.56,33.67,3.18,0.17,0
1,2021,276,23284.86,22.44,33.5,3.19,0.25,0
1,2021,277,20305.94,22.44,32.06,3.05,0.42,1.77
1,2021,278,17553.23,23.56,33.11,3.49,0.24,1.01
1,2021,279,9048.17,22.17,30.56,3.2,0.05,13.46
1,2021,280,12329.31,21.78,31.22,3.2,0.07,7.86
1,2021,281,13235.94,22.44,32,3.23,0.09,0.25
1,2021,282,20399.19,22.78,33.78,3.19,0.19,0
1,2021,283,13984.56,23.11,33.61,3.37,0.08,3.81
1,2021,284,7278.09,22.94,27.06,2.95,0.11,4.83
1,2021,285,19331.09,22.28,33.28,3.34,0.19,0
1,2021,286,21216.02,22.67,33.61,3.27,0.03,0
1,2021,287,20722.99,23.33,34.56,3.35,0.05,0
1,2021,288,23562.03,23.61,34.67,3.31,0.14,0
1,2021,289,16902.19,22.44,35.17,3.55,0.29,34.54
1,2021,290,18830.29,22,33.22,3.27,0.03,0
1,2021,291,22665.77,21.94,33.5,3.12,0.19,0
1,2021,292,16963.49,22.89,32.33,3.19,0.1,0.25
1,2021,293,16923.77,21.5,32.94,3.31,0.07,6.85
1,2021,294,15693.34,22.5,32.06,3.33,0.03,1.52
1,2021,295,21510.46,22,32,3.12,0.23,0.5
1,2021,296,22727.07,21.83,32,3.01,0.61,0
1,2021,297,17700.88,21.94,31.67,2.99,0.52,0
1,2021,298,18974.48,22.44,32.11,3.21,0.5,1.52
1,2021,299,12875.88,21.94,30.39,3.08,0.6,14.72
1,2021,300,14084.72,21.67,29.67,2.98,0.08,0.5
1,2021,301,10181.89,21.89,28.61,2.98,0.08,5.32
1,2021,302,12394.07,22.72,28.61,3.05,0.03,10.63
1,2021,303,12703.19,21.89,29.72,3.08,0.2,8.35
1,2021,304,14473.28,21.11,29.33,2.96,0.2,12.2
1,2021,305,15607,23.33,31.33,3.28,0.55,4.26
1,2021,306,20613.33,23.06,31.78,3.18,0.16,2.25
1,2021,307,16207.97,23.28,31.89,3.14,0.07,1.25
1,2021,308,16578.39,21.94,30.89,3.04,0.52,1.01
1,2021,309,22478.4,22.06,32.06,3.03,0.7,0
1,2021,310,17441.85,22.33,32.39,3.06,0.38,0
1,2021,311,18647.23,21.56,31.78,2.97,0.5,0
1,2021,312,15517.2,23.11,32.17,3.26,0.44,2.54
1,2021,313,20492.44,22.83,31.78,3.09,0.72,0
1,2021,314,18859.64,21.72,32,2.98,0.63,0
1,2021,315,22122.65,21.56,31.89,2.81,0.92,0
1,2021,316,22449.9,20.11,32.61,2.83,0.8,0
1,2021,317,21352.45,20.72,33.33,2.9,0.57,0
1,2021,318,16118.17,21.94,32.33,3.02,0.57,0
1,2021,319,19874.21,21.61,31.94,2.87,0.82,0
1,2021,320,20384.51,20.89,32.11,2.78,0.89,0
1,2021,321,21619.25,21.83,32,2.88,0.85,0
1,2021,322,19647.12,21.83,31.33,2.84,0.73,0
1,2021,323,19866.44,22.17,32.39,2.91,0.65,0
1,2021,324,19042.7,21,33.94,2.96,0.4,0
1,2021,325,13772.15,22.06,29.94,3.02,0.33,1.78
1,2021,326,21294.59,20.67,33,2.99,0.46,0
1,2021,327,12538.27,22.06,33.17,3.33,0.65,43.94
1,2021,328,17538.55,21.94,33.17,3.32,0.38,0.25
1,2021,329,14639.06,22.56,32.22,3.22,0.11,1.01
1,2021,330,19578.9,21.83,32.83,3.11,0.29,0.25
1,2021,331,21500.1,22.78,33.28,3.19,0.34,0
1,2021,332,20996.7,22.89,32.94,3.13,0.66,0
1,2021,333,16272.72,22,32.33,3.12,0.63,1.52
1,2021,334,20694.49,21.78,32.67,2.93,0.72,0
1,2021,335,21507.01,21.5,33.83,2.85,0.54,0
1,2021,336,13926.71,21.17,30.22,2.89,0.88,0
1,2021,337,21089.96,22.67,33.22,2.96,0.56,0
1,2021,338,20078.85,21.06,32.67,2.9,0.63,0
1,2021,339,18657.59,21.17,32.78,2.97,0.7,0
1,2021,340,20417.32,21.39,32.94,2.92,0.76,0
1,2021,341,19006.43,21.11,32.72,2.93,0.55,0
1,2021,342,20085.75,21.44,31.61,2.86,0.72,0
1,2021,343,20367.24,21.94,32.5,2.88,0.7,0
1,2021,344,19995.95,21.17,31.11,2.82,0.89,0
1,2021,345,19464.06,21.5,32.89,2.89,0.52,0
1,2021,346,21676.24,21.72,32.56,2.83,0.87,0
1,2021,347,20593.47,20.56,32.94,2.8,0.98,0
1,2021,348,16369.43,22.06,31.5,2.85,1.15,0.25
1,2021,349,15704.57,22.28,31.17,2.88,0.94,0
1,2021,350,19064.28,22.61,31.72,2.92,0.91,0
1,2021,351,15085.47,22.56,29.94,2.73,0.97,0
1,2021,352,15923.02,22.17,33.06,2.9,0.63,0
1,2021,353,20291.26,20.72,32.83,2.86,0.71,0
1,2021,354,20078.85,20.83,33.17,2.89,0.63,0
1,2021,355,19801.68,23.06,33.89,3,0.63,0
1,2021,356,19650.57,22.78,34.39,3.08,0.53,0
1,2021,357,16502.4,22.06,33.44,3.08,0.61,0
1,2021,358,13981.11,22.11,33.72,3.04,0.35,0
1,2021,359,19668.7,22.72,34.06,3.09,0.47,0
1,2021,360,20330.98,22.56,33.22,2.94,0.63,0
1,2021,361,18589.38,21.28,33.67,2.91,0.39,0
1,2021,362,16193.29,22.83,32,2.86,0.76,0
1,2021,363,12898.33,20.33,31.44,2.7,0.55,0
1,2021,364,19607.4,21.17,34.28,2.8,0.4,0
1,2021,365,19010.75,21.56,31.94,2.78,0.87,0
