*-----------------------------------------------------------
*  Station Name: YOCS
*  DSSAT Weather file - by https://github.com/jrodriguez88
*  Longitude: -72.20522 -- Latitude: 5.3295 -- Elevation: 209m
*-----------------------------------------------------------
*  Date: 2014-01-01 : 2021-12-31
*
*  Column    Daily Value
*     1      Station number
*     2      Year
*     3      Day
*     4      irradiance         KJ m-2 d-1
*     5      min temperature            oC
*     6      max temperature            oC
*     7      vapor pressure            kPa
*     8      mean wind speed         m s-1
*     9      precipitation          mm d-1
*-----------------------------------------------------------
-72.20522,5.3295,209,0,0
1,2019,1,20819.69,20.11,33.22,2.5,1.17,0
1,2019,2,20945.76,19.06,33.44,2.39,0.78,0
1,2019,3,15359.19,22,33.56,2.45,0.92,0
1,2019,4,20352.56,22.83,34.39,2.59,0.87,0
1,2019,5,19672.16,22.5,34.39,2.71,0.86,0
1,2019,6,18564.34,21.94,34.11,2.69,0.72,0
1,2019,7,16214.87,22.11,34.06,2.52,0.98,0
1,2019,8,14984.45,22.11,31.83,2.5,1.2,0
1,2019,9,11285.39,21.17,32.06,2.54,0.48,0
1,2019,10,15042.3,21.94,33.89,2.59,0.73,0
1,2019,11,11339.79,21.44,34.67,2.55,0.65,0
1,2019,12,15737.38,23.89,34.39,2.46,0.85,0
1,2019,13,17877.03,21.56,33.33,2.46,0.91,0
1,2019,14,20032.22,20.56,34.06,2.43,0.76,0
1,2019,15,20503.67,20.61,34.72,2.36,0.61,0
1,2019,16,18640.33,21,34.56,2.36,0.63,0
1,2019,17,18315.67,21.33,35,2.63,0.62,0
1,2019,18,19920.83,21.61,36,2.75,0.65,0
1,2019,19,19906.15,23.33,35.17,2.7,0.73,0
1,2019,20,16650.06,24.44,35.67,2.73,0.62,0
1,2019,21,14642.52,23.89,35.17,2.58,0.73,0
1,2019,22,19970.91,22.28,35.06,2.48,0.8,0
1,2019,23,20223.04,22.44,34.44,2.29,1.07,0
1,2019,24,19783.54,25.06,34.56,2.42,1.23,0
1,2019,25,20291.26,22.5,34.61,2.44,1.12,0
1,2019,26,16294.31,22.83,34.89,2.5,0.72,0
1,2019,27,19856.07,22.94,35.28,2.4,0.9,0
1,2019,28,19640.21,23.72,35.83,2.44,0.86,0
1,2019,29,14225.47,23.33,34.72,2.41,1.02,0
1,2019,30,11832.82,25.72,33.78,2.34,0.91,0
1,2019,31,20042.58,23.28,35.06,2.43,1.4,0
1,2019,32,19723.1,21.78,35.06,2.36,0.83,0
1,2019,33,20647,21.39,35,2.25,1.01,0
1,2019,34,20654.77,21.78,35.83,2.22,0.87,0
1,2019,35,12825.8,23.17,34.83,2.36,0.53,0
1,2019,36,17413.35,23.11,35.94,2.75,0.45,0
1,2019,37,19010.75,23.11,35.94,2.56,0.86,0
1,2019,38,17617.99,23.06,34.39,2.49,1.18,0
1,2019,39,19665.25,22.67,35.39,2.27,1.29,0
1,2019,40,19960.55,24.06,34.78,2.2,1.57,0
1,2019,41,20190.23,22.67,34,2.07,1.46,0
1,2019,42,20387.96,20.67,34.22,2.02,1.31,0
1,2019,43,20842.14,21,35.44,2.2,1.17,0
1,2019,44,19265.47,22.11,37.5,2.33,0.6,0
1,2019,45,18740.49,23.94,36.33,2.49,0.82,0
1,2019,46,21280.78,22.67,37.22,2.53,0.88,0
1,2019,47,21266.1,24.44,37.17,2.44,0.92,0
1,2019,48,16189.83,24.22,35.11,2.47,1.26,0
1,2019,49,17283.83,22.78,35.17,2.49,1.2,0
1,2019,50,15052.66,25.72,35.61,2.28,1.5,0
1,2019,51,19017.66,24.61,35.61,2.25,1.37,0
1,2019,52,20931.94,23.67,36.39,2.29,0.9,0
1,2019,53,20039.13,23.94,36.06,2.16,1.16,0
1,2019,54,19384.63,24.44,34.78,2.15,1.82,0
1,2019,55,20949.21,26.28,33.94,2.06,2.17,0
1,2019,56,21860.16,21.5,35.56,2.02,1.62,0
1,2019,57,22176.19,20.78,36.61,2.09,1.58,0
1,2019,58,20755.8,25.72,34.94,2.03,1.77,0
1,2019,59,20748.03,26.56,36.28,2.07,1.58,0
1,2019,60,20151.38,25.28,36.89,2.2,1.31,0
1,2019,61,16531.76,26.06,35.94,2.29,0.98,0
1,2019,62,10321.77,24.56,34.28,2.34,0.59,0
1,2019,63,14689.14,23.94,36.28,2.41,0.72,0
1,2019,64,17963.37,25.67,36.67,2.44,1.1,0
1,2019,65,16772.67,25.44,37.11,2.51,0.93,0
1,2019,66,18841.51,24.67,36.44,2.37,1.15,0
1,2019,67,14689.14,25.11,35.83,2.57,1,0
1,2019,68,13001.95,25.22,36.72,2.81,0.85,0
1,2019,69,9076.67,23.94,32.83,3.1,0.34,4
1,2019,70,11332.88,24.22,32.44,2.99,0.71,0
1,2019,71,9030.04,23.78,31.11,2.78,0.68,0
1,2019,72,11192.14,23.67,34.06,2.66,0.58,0
1,2019,73,11041.9,25.22,34.28,2.66,0.85,0
1,2019,74,10225.07,23.89,31.28,2.94,0.68,0.2
1,2019,75,14693.46,22.72,35.67,2.73,0.55,0
1,2019,76,11487.44,25.39,33.78,2.58,0.7,0.4
1,2019,77,11649.77,25,34.33,2.72,0.78,0
1,2019,78,19409.67,23.83,36.61,2.69,0.89,0
1,2019,79,11480.53,25.06,33.83,2.56,0.68,0
1,2019,80,12674.7,25.33,34.61,2.47,0.63,0
1,2019,81,10721.55,23,33.5,2.75,0.32,7
1,2019,82,9167.33,24.17,31.5,2.94,0.4,2
1,2019,83,17629.22,22.61,35.56,2.88,0.49,0
1,2019,84,20953.53,23.44,37.11,2.49,0.49,0
1,2019,85,20399.19,22.89,37.11,2.26,0.69,0
1,2019,86,20629.73,24.06,37.5,2.31,0.77,0
1,2019,87,16272.72,24.06,36.56,3.05,0.96,20.8
1,2019,88,6990.55,23.72,29.11,2.95,0.92,0
1,2019,89,10358.4,23.61,27.33,2.97,0.44,13.2
1,2019,90,13916.02,23.33,29.44,3.12,0.24,0.4
1,2019,91,16146.66,23,34.72,3.55,0.51,15.8
1,2019,92,8983.41,22.61,30.17,2.87,0.67,7.4
1,2019,93,20842.14,24,32.78,2.61,0.94,0
1,2019,94,22335.06,22.78,33.56,2.51,1.27,0
1,2019,95,21639.98,24.06,33.72,2.55,1.05,0
1,2019,96,21672.79,23.56,34.17,2.37,1,0
1,2019,97,21614.94,24.06,34.89,2.49,1.15,0
1,2019,98,18492.67,25.33,34.67,2.68,0.58,0
1,2019,99,16139.75,23.83,31.89,2.94,1.55,0
1,2019,100,14607.11,24.78,33.89,3.27,0.3,0
1,2019,101,16747.63,24.83,34.94,3.32,0.39,0
1,2019,102,9171.65,23.72,32.44,3.38,0.49,2.8
1,2019,103,13336.97,23.39,31.44,3.1,0.59,0
1,2019,104,12138.49,23.44,35.11,3.53,0.29,0
1,2019,105,11897.58,22.61,32.67,3.37,0.57,41.2
1,2019,106,12034.87,22.67,31.06,3.24,0.02,8
1,2019,107,12840.48,23.56,31.22,3.29,0.35,0.4
1,2019,108,9328.49,22.17,25.28,2.8,0.03,30.4
1,2019,109,19616.03,22.89,31.83,3.35,0.05,0
1,2019,110,14282.68,25.17,31.22,3.18,0.68,0
1,2019,111,16299.92,23.94,31.78,3.08,1.24,4
1,2019,112,24900.39,24,28.78,2.92,0.63,0
1,2019,113,11593.01,24.94,33.61,2.8,0.32,0
1,2019,114,26781.87,23.83,28.22,2.94,0.07,0
1,2019,115,14229.31,25.33,31.67,3.08,1.38,5
1,2019,116,15664.36,25.06,32.33,3.04,0.09,0.4
1,2019,117,13911.4,24.83,31.39,2.97,0.34,0
1,2019,118,15899.13,25.39,31.89,3.26,0.58,2
1,2019,119,15187.35,27.06,33.56,2.85,0.78,0
1,2019,120,17050.12,27.44,34.06,2.66,0.98,0
1,2019,121,16476.72,27.11,33.89,2.53,1.29,0
1,2019,122,16225.85,26.61,34.06,2.36,1.55,0
1,2019,123,15047.37,27.78,33.67,2.97,1.14,0
1,2019,124,16546.21,27.33,33.11,2.85,1.37,0
1,2019,125,16082.81,24.83,32.06,2.97,0.54,0
1,2019,126,13568.8,22.61,30,2.89,0.3,13
1,2019,127,16502.23,24.78,32.61,2.88,0.31,4.5
1,2019,128,17962.93,25.89,30.22,3.07,0.28,1.5
1,2019,129,18011.38,24.61,29.06,2.86,0.52,0.5
1,2019,130,15373.59,25.5,32.11,3.11,0.17,19
1,2019,131,13622.59,24.39,30.78,3.03,1.07,0
1,2019,132,15679.41,25.89,32.83,3.13,0.66,8.3
1,2019,133,16090.46,25.72,32.56,2.96,0.85,36.5
1,2019,134,15091.5,24.61,31.5,3.17,0.35,0
1,2019,135,13518.83,23.28,30.17,2.9,0.13,0
1,2019,136,13194.77,25.06,31.17,2.89,1.1,0
1,2019,137,14416.22,24.67,30.17,2.98,0.69,0
1,2019,138,16533.35,26.44,32.83,2.82,0.4,10.5
1,2019,139,14969.85,23.51,30.62,2.81,0.6,0
1,2019,140,20403.11,27.17,29.17,3.06,1.3,0
1,2019,141,15524.38,23.8,31.19,2.96,0.6,0
1,2019,142,14787.84,23.81,30.65,2.95,0.6,74
1,2019,143,19842.78,22.86,32.7,2.91,0.6,0
1,2019,144,11138.6,24.44,32.89,3.35,0.6,0.4
1,2019,145,9624.1,23.06,29.61,3.16,0.15,26
1,2019,146,17330.46,23.33,31.56,3.26,0.19,0
1,2019,147,20406.1,22.61,31.39,3.21,0.42,4.4
1,2019,148,17848.53,22.44,32.33,3.25,0.07,0
1,2019,149,13934.48,23.22,30.83,3.31,0.19,6.6
1,2019,150,14484.5,22.67,32.11,3.41,0.23,25.2
1,2019,151,20859.41,22.28,32.06,3.24,0.19,0.2
1,2019,152,12505.46,22.72,29.28,3.11,0.22,11.6
1,2019,153,16945.36,22.67,31.89,3.24,0.09,56.6
1,2019,154,11239.63,22.56,31.11,3.27,0.43,11
1,2019,155,16340.94,22.78,31.67,3.25,0.32,4.6
1,2019,156,21748.77,22.5,30.83,3.11,0.25,0.2
1,2019,157,13362.01,21.94,27.94,2.93,0.87,43.8
1,2019,158,12649.66,22.17,28.94,3,0.04,0.6
1,2019,159,20482.08,22,31.78,3.13,0.42,0
1,2019,160,17071.42,22.61,31.78,3.25,0.37,3.2
1,2019,161,8451.52,23,27.28,2.98,0.29,8.4
1,2019,162,11188.69,22.67,31.17,3.34,0.35,8.4
1,2019,163,11167.1,22.44,29.83,3.12,0.16,0.2
1,2019,164,14642.52,22.78,30.56,3.21,0.29,12.6
1,2019,165,20330.98,22.72,31.89,3.36,0.12,9
1,2019,166,16081.9,21.89,31.78,3.24,0.37,0
1,2019,167,13290.34,22.28,29.78,3.12,0.25,8.2
1,2019,168,13038.21,22.89,28.28,3.1,0.31,9.4
1,2019,169,19394.99,22.72,30.06,3.1,0.58,0.2
1,2019,170,7555.26,22.44,26.61,2.93,0.12,51
1,2019,171,16074.99,22.5,30.22,3.14,0.1,13.8
1,2019,172,9703.54,22.28,28.22,2.99,0.23,5.8
1,2019,173,10160.31,22.44,29,3.11,0.18,0.8
1,2019,174,13822.23,22.56,30.78,3.28,0.2,1.8
1,2019,175,11631.64,23.17,29,3.13,0.42,0.8
1,2019,176,13757.47,21.56,29.67,3.05,0.38,22.4
1,2019,177,17513.51,22.83,31.06,3.11,0.64,0
1,2019,178,22323.84,19.83,32.44,2.81,0.53,0
1,2019,179,16697.55,22.72,32.44,3.13,0.14,0
1,2019,180,16827.06,23,32.11,3.18,0.52,0
1,2019,181,10048.92,22.56,30.56,3.28,0.36,12.8
1,2019,182,7879.73,22.22,26.61,2.94,0.25,36.6
1,2019,183,13131.47,22.5,28,2.98,0.5,0.2
1,2019,184,22205.54,22.67,31.67,3.12,0.61,0
1,2019,185,22183.96,20.72,32.28,2.88,0.45,0
1,2019,186,14068.67,21.11,29.61,2.96,0.44,34
1,2019,187,20488.99,19.83,31.06,2.94,0.1,0
1,2019,188,21053.69,21.78,31.22,3.09,0.32,0
1,2019,189,21028.65,21.83,29.89,2.95,0.96,0.2
1,2019,190,10222.67,21.89,25.44,2.69,1.23,0.4
1,2019,191,12948.41,22,29.17,2.97,0.37,0
1,2019,192,21169.39,21.83,30.67,3.02,0.2,0
1,2019,193,19978.69,21.89,32.33,3.15,0.29,0
1,2019,194,20298.16,22.72,31.89,3.16,0.52,0.4
1,2019,195,19301.73,22.44,32.33,3.2,0.56,2.8
1,2019,196,20485.53,22.39,32.22,3.1,0.1,0.2
1,2019,197,9378.88,22.11,26.11,2.78,0.87,40
1,2019,198,21161.62,22.39,31.39,3.16,0.14,0.2
1,2019,199,10904.61,22.11,30.33,3.15,0.32,11
1,2019,200,16520.54,21.89,30.89,3.16,0.23,5.6
1,2019,201,18934.76,21.83,30.89,3.16,0.69,19.8
1,2019,202,18441.73,21.17,31.61,3.18,0.27,5.4
1,2019,203,13541.61,22.83,29.94,3.16,0.21,7.8
1,2019,204,7986.98,21.83,27.06,2.91,0.29,11.4
1,2019,205,15815.96,21.56,31.11,3.1,0.51,0.4
1,2019,206,20266.22,21.72,31.56,3.13,0.79,0.2
1,2019,207,11224.95,20.5,29.94,3.07,0.45,24.2
1,2019,208,20122.02,19.78,30.89,2.96,0.21,0.2
1,2019,209,8911.75,22.28,27.61,2.96,0.29,38.4
1,2019,210,22410.18,22.67,30.22,2.98,1.09,0
1,2019,211,19690.29,22.67,30.83,3,1.06,0
1,2019,212,15618.22,22.67,30.17,3.04,0.6,0
1,2019,213,10527.28,22.61,29.5,3.19,0.27,3
1,2019,214,19477.88,22.39,31.67,3.24,0.2,0.8
1,2019,215,6558.82,21.67,26.06,2.8,0.45,9
1,2019,216,6879.17,22.22,27.22,2.93,0.59,6.4
1,2019,217,15689.89,20.5,27.72,2.7,2.12,0
1,2019,218,14366.21,21.28,28.11,2.71,1.03,0
1,2019,219,16236.46,21.33,30.17,2.91,0.25,0
1,2019,220,8908.29,22.33,26.94,2.88,0.55,26
1,2019,221,19888.02,21.28,31.61,3.03,0.38,0.2
1,2019,222,20190.23,22.89,32,3.28,0.34,8.8
1,2019,223,10670.61,21.61,29.22,3.06,0.18,58.8
1,2019,224,17617.99,22.44,31.44,3.24,0.18,1
1,2019,225,13667.67,22.89,29.44,3.15,0.88,18.6
1,2019,226,7181.38,22.5,25.78,2.81,0.46,14.2
1,2019,227,8749.42,22.33,28.94,2.99,0.14,0
1,2019,228,10042.85,22.22,29.54,3.2,0.2,6.2
1,2019,229,17219.07,21,30.28,2.97,0.1,13
1,2019,230,19856.07,22.5,31.67,3.14,0.07,0.2
1,2019,231,9549.22,20.39,27.44,2.8,0.55,48.6
1,2019,232,19305.19,21.06,32.17,3.14,0.25,8.2
1,2019,233,21463.83,20.28,33.11,3,0.03,0
1,2019,234,15854.81,22.67,31.17,3.17,0.57,0
1,2019,235,11066.94,22.5,28.67,3.02,0.55,5.6
1,2019,236,18899.36,22.39,31.22,3.15,0.93,0
1,2019,237,17362.41,22.72,31.89,3.24,0.1,0
1,2019,238,19402.76,21.83,31.67,3.08,0.47,4
1,2019,239,20697.95,22.11,32.94,3.09,0.12,11.8
1,2019,240,16886.64,21.89,30.33,3.01,1.18,3
1,2019,241,21960.32,22.11,32.33,3.09,0.31,0
1,2019,242,21719.42,22.33,33,3.04,0.02,0
1,2019,243,10692.2,22.11,31.89,3.31,0.25,14.6
1,2019,244,13088.29,22.94,31.39,3.21,0.03,0
1,2019,245,19783.54,21.61,32.44,3.07,0.17,0
1,2019,246,21816.99,21.94,33.44,3.21,0.27,17.4
1,2019,247,19826.72,22.06,32.89,3.12,0.03,1.8
1,2019,248,15934.25,22.89,32.17,3.22,0.33,0
1,2019,249,20769.61,21.39,32.5,3.17,0.28,0
1,2019,250,22626.05,22.33,33.39,3.19,0.26,0
1,2019,251,21121.9,21.94,32.67,3.02,0.56,0
1,2019,252,18208.6,22.89,30.56,3.07,0.33,0
1,2019,253,19719.65,21.94,33.17,3.12,0.18,0
1,2019,254,21928.37,23.28,33.56,3.35,0.08,5.2
1,2019,255,17931.43,23.61,33.28,3.45,0.25,0
1,2019,256,13898.22,22.28,33.11,3.39,0.13,0.4
1,2019,257,12073.73,23.17,31.94,3.22,0.16,0
1,2019,258,16689.77,23.28,31.67,3.18,0.21,0.2
1,2019,259,18813.02,22.44,34.11,3.33,0.15,0
1,2019,260,8887.88,22.17,25.78,2.78,0.2,6.8
1,2019,261,21309.27,21.72,33.28,3.26,0.05,0.2
1,2019,262,11649.77,23.83,32.33,3.37,0.11,0.4
1,2019,263,16999.76,20.94,32.83,3.3,1.28,52.2
1,2019,264,12919.05,22.17,30.94,3.21,0.26,0.2
1,2019,265,18413.24,23.33,32.22,3.23,0.25,0.6
1,2019,266,12146.26,20.83,26.22,2.68,0.68,10.6
1,2019,267,17463.43,21.72,31.11,3.13,0.71,23.2
1,2019,268,18959.81,22.17,30.56,3.07,0.55,2.8
1,2019,269,14718.5,22.28,30,3.04,0.2,0
1,2019,270,18546.21,22.72,32.89,3.22,0.12,0
1,2019,271,21165.08,22.5,33.22,3.33,0.26,0
1,2019,272,15139,22.61,32.89,3.17,0.3,0
1,2019,273,22003.49,21.28,33.67,3.14,0.05,0
1,2019,274,18833.74,22.5,33.78,3.17,0.1,0
1,2019,275,22957.61,22.44,34.5,3.11,0.44,0
1,2019,276,9157.68,21.39,25,2.67,0.52,80.6
1,2019,277,18064.4,20.33,32.44,3.05,0.03,0
1,2019,278,17823.49,22.56,32,3.19,0.18,0.8
1,2019,279,22421.41,21.78,32.83,3.08,0.28,0
1,2019,280,19369.95,22.67,32.56,3.22,0.4,0
1,2019,281,10199.16,21.44,31.61,3.25,0.18,13.6
1,2019,282,14955.95,21.11,29.28,2.92,0.47,0
1,2019,283,16751.08,22.89,31.22,3.21,0.63,1.4
1,2019,284,17959.92,22.44,30.67,3.11,0.67,15.8
1,2019,285,11890.68,23.28,31.56,3.31,0.12,1.2
1,2019,286,19024.56,22.5,32.78,3.23,0.18,1.8
1,2019,287,18175.79,22.06,31.72,3.05,0.34,0
1,2019,288,12696.28,22,29.06,2.97,0.52,3.8
1,2019,289,14592.44,21.72,30.06,3,0.08,0
1,2019,290,12437.25,22,30.17,3.03,0.02,10.2
1,2019,291,15739.97,21.61,31.44,3.18,0.21,23.2
1,2019,292,17035.16,21.44,31.72,3.09,0.05,0.6
1,2019,293,19132.5,21.44,31.17,3.03,0.16,0
1,2019,294,20982.02,21.72,31.78,3.12,0.12,0
1,2019,295,10613.62,22.61,30.67,3.16,0.17,8.4
1,2019,296,17992.73,21.67,32.22,3.1,0.36,16.6
1,2019,297,13782.51,21.94,31.33,3.1,1.07,0
1,2019,298,10076.97,21.56,25.5,2.73,0.11,14.2
1,2019,299,21705.6,20.61,32.78,2.98,0.52,0
1,2019,300,15995.55,22.78,33,3.2,0.02,0
1,2019,301,18833.74,22.39,33.22,3.26,0.05,0
1,2019,302,20381.06,22.33,33.83,3.16,0.16,0
1,2019,303,19615.17,23.33,33.89,3.31,0.05,0
1,2019,304,7972.31,21,27.89,2.82,0.5,13.6
1,2019,305,19374.26,20.72,33.17,3.2,0.08,3.6
1,2019,306,7641.6,22.44,26.89,2.89,0.14,11.8
1,2019,307,16855.56,21.83,32.28,3.16,0.03,0
1,2019,308,19002.98,21.72,33.44,3.14,0.23,0
1,2019,309,19243.88,24.28,32.89,3.17,0.38,0
1,2019,310,15246.94,21.72,32.89,3.11,0.48,0
1,2019,311,14268.64,22.44,31.33,3.25,0.24,27.4
1,2019,312,13660.76,23.22,32.44,3.23,0.03,0
1,2019,313,11282.8,22.78,32.11,3.3,0.09,1
1,2019,314,12988.13,22.39,30.5,3.18,0.14,1
1,2019,315,18640.33,22.11,33.11,3.22,0.1,0
1,2019,316,12588.35,22.39,29.78,3.08,0.29,24
1,2019,317,12837.03,22.5,30,3.11,0.17,0.2
1,2019,318,18046.27,22.5,33.33,3.31,0.16,3.6
1,2019,319,18326.89,22.94,32.06,3.17,0.28,0.2
1,2019,320,12131.58,23.39,32.06,3.23,0.09,0
1,2019,321,15341.05,23.78,32.89,3.3,0.02,0
1,2019,322,13808.42,23.33,32.72,3.17,0.02,0
1,2019,323,17301.97,23.61,32.83,3.21,0.16,0
1,2019,324,13476.85,23.17,32.39,3.24,0.03,1.2
1,2019,325,18085.99,22.5,32.72,3.25,0.09,0
1,2019,326,19460.61,22.33,31.61,3.12,0.24,0
1,2019,327,20122.02,22.78,32.11,3.16,0.31,1
1,2019,328,18039.36,21.5,33.5,3.12,0.1,0
1,2019,329,12591.8,22.39,32.56,3.37,0.07,10.4
1,2019,330,15117.42,23.17,33,3.37,0.12,0.6
1,2019,331,16365.98,22.72,32.44,3.16,0.28,0
1,2019,332,17078.33,21.72,32.28,3.09,0.39,0
1,2019,333,16729.49,21.33,32.5,3.06,0.05,0
1,2019,334,16085.35,22.61,32.89,3.13,0.16,0
1,2019,335,18157.65,21.78,32.78,3.08,0.23,0
1,2019,336,16909.09,22.56,34.33,3.24,0.12,0
1,2019,337,18856.19,22.33,33.44,3.08,0.15,0
1,2019,338,19132.5,21.89,32.94,3.03,0.25,0
1,2019,339,18823.38,21.61,32.94,3.01,0.29,0
1,2019,340,18848.42,21.94,33.28,3.05,0.14,0
1,2019,341,18345.02,22.11,33.28,3.1,0.09,0
1,2019,342,17654.26,22.22,31.39,3.03,0.29,0
1,2019,343,18999.52,20.89,31.44,2.83,0.34,0
1,2019,344,18790.57,21.17,31.94,2.85,0.43,0
1,2019,345,17902.07,20.61,31.89,2.87,0.18,0
1,2019,346,17546.32,21.28,31.5,2.91,0.25,0
1,2019,347,18636.01,22.17,31.39,2.98,0.27,0
1,2019,348,15909.21,22.17,32.89,3.05,0.14,0
1,2019,349,8345.32,22.67,30.39,3.1,0.11,12.2
1,2019,350,11696.4,22.28,30.22,3.05,0.2,0.2
1,2019,351,18463.32,21,31.06,2.89,0.43,0
1,2019,352,17941.79,21.22,32.11,2.91,0.4,0
1,2019,353,15423.08,21.17,33.33,3,0.25,0
1,2019,354,14610.57,22,31.5,3.11,0.59,1.2
1,2019,355,14279.86,21.06,31.61,3.1,0.38,5.2
1,2019,356,18262.13,23.06,32.94,3.16,0.37,0
1,2019,357,14836.79,22.22,33.83,3.21,0.2,0
1,2019,358,14934.37,23.39,33.28,3.26,0.07,0
1,2019,359,12491.64,23.11,32.39,3.29,0.05,0
1,2019,360,11505.57,23.44,33.17,3.5,0.1,8.4
1,2019,361,16038.73,22.94,31.89,3.18,0.35,0
1,2019,362,14502.64,23.11,33.22,3.2,0.18,0
1,2019,363,12628.07,22.94,30.78,3.04,0.36,0
1,2019,364,15308.24,21.83,31.67,2.93,0.27,0
1,2019,365,16286.54,21.78,31.78,2.87,0.38,0
