*-----------------------------------------------------------
*  Station Name: YOCS
*  DSSAT Weather file - by https://github.com/jrodriguez88
*  Longitude: -72.20522 -- Latitude: 5.3295 -- Elevation: 209m
*-----------------------------------------------------------
*  Date: 2014-01-01 : 2021-12-31
*
*  Column    Daily Value
*     1      Station number
*     2      Year
*     3      Day
*     4      irradiance         KJ m-2 d-1
*     5      min temperature            oC
*     6      max temperature            oC
*     7      vapor pressure            kPa
*     8      mean wind speed         m s-1
*     9      precipitation          mm d-1
*-----------------------------------------------------------
-72.20522,5.3295,209,0,0
1,2018,1,13255.65,21.8,29.9,2.15,0.62,4.8
1,2018,2,8336.41,20.8,25.1,2.61,0.18,47.4
1,2018,3,17380.33,20.8,31.7,2.87,0.62,0.2
1,2018,4,20075.73,20.7,32.8,2.08,0.81,0
1,2018,5,21046.03,21.6,32.3,2.46,1.23,0
1,2018,6,16098.33,20.6,30.8,2.41,1.05,0
1,2018,7,21536.4,19.8,31.6,2.47,1.15,0
1,2018,8,20848.54,22.2,32.2,2.7,1.12,0
1,2018,9,17772.38,22.2,31.5,2.56,0.75,0
1,2018,10,14612.55,22.4,32.3,2.73,0.39,0
1,2018,11,19315.48,22.1,33.2,2.85,0.41,0
1,2018,12,7059.41,22,28.7,1.79,0.05,7.8
1,2018,13,15255.65,21.1,31.7,3.02,0.56,0
1,2018,14,22029.29,19.2,32.6,2.31,1.28,0
1,2018,15,19408.37,20.7,32.7,2.52,1.03,0
1,2018,16,17679.92,21.4,32,2.66,1.28,0.2
1,2018,17,12482.85,22.2,30.1,3.12,0.44,3.4
1,2018,18,9454.81,22.6,28.2,3.03,0.08,10.2
1,2018,19,19692.47,21.3,32.5,2.94,1.14,0.2
1,2018,20,22588.7,20.1,32,2.35,1.5,0
1,2018,21,22675.73,19.6,32.7,2.28,1.31,0
1,2018,22,21966.95,20.1,33.2,2.48,1.4,0
1,2018,23,22787.45,18.8,33.1,2.45,1.47,0
1,2018,24,22511.72,18.7,33,2.5,1.24,0
1,2018,25,19169.46,20.7,33.7,2.63,0.7,0
1,2018,26,20824.69,21.3,32.9,2.62,1.43,0
1,2018,27,20481.59,20.3,31.9,2.45,1.47,0
1,2018,28,21165.27,20.2,31.7,2.52,1.56,0
1,2018,29,22353.97,19.6,32.5,2.51,1.79,0
1,2018,30,19982.01,19.2,33.5,2.51,1.18,0
1,2018,31,22052.72,21.9,33.8,2.77,1.47,0
1,2018,32,21738.08,21.7,32.6,2.69,1.79,0
1,2018,33,20757.74,21.3,32.6,2.52,1.64,0
1,2018,34,18956.07,22.3,33.2,2.7,1.65,0
1,2018,35,21967.36,22.5,32.5,2.61,1.67,0
1,2018,36,16139.75,22.8,31.6,2.58,1.57,0
1,2018,37,21818.41,20.7,34.2,2.51,2.1,0
1,2018,38,22520.92,21,32.1,2.48,2.5,0
1,2018,39,23602.51,18.9,34.4,2.37,1.89,0
1,2018,40,23653.56,19.8,33.3,2.54,2.17,0
1,2018,41,23405.86,20.5,33.9,2.59,1.94,0
1,2018,42,23048.95,20.4,33.4,2.5,2.23,0
1,2018,43,22384.94,20.8,31.7,2.47,2,0
1,2018,44,16420.08,20.1,30.3,2.15,2.12,0
1,2018,45,22235.98,19.1,32.8,2.28,2.36,0
1,2018,46,21605.86,19.3,33.7,2.53,1.67,0
1,2018,47,22626.36,22.9,32.8,2.68,1.6,0
1,2018,48,21948.54,21.9,32.1,2.5,1.58,0
1,2018,49,21682.01,22.5,31.4,2.38,2.18,0
1,2018,50,22453.56,21.6,32.2,2.29,2.46,0
1,2018,51,23715.48,19.4,33.2,2.31,2.56,0
1,2018,52,23676.57,18.6,32.3,2.2,2.38,0
1,2018,53,22761.92,21.9,33.6,2.38,2.08,0
1,2018,54,19175.31,22.4,32.1,2.32,2.1,0
1,2018,55,14157.74,22.8,33.1,2.62,1.31,0
1,2018,56,18307.11,20.4,34.1,2.56,1.46,0
1,2018,57,19383.26,21.9,34.3,2.57,1.37,0
1,2018,58,15401.26,23.7,35.2,2.68,0.89,0
1,2018,59,12819.25,23,35.3,2.79,0.67,0
1,2018,60,21526.78,20.7,34.9,2.51,1.71,0
1,2018,61,17038.49,22.8,33.8,2.57,1.34,0
1,2018,62,19775.73,21.8,36.5,2.82,0.17,0
1,2018,63,14089.54,24.4,34.3,3.02,0.37,0
1,2018,64,11559.98,21.8,28.2,3,0.51,18.8
1,2018,65,9398.33,22.2,29.3,3.06,0.36,3
1,2018,66,16256.07,21.6,32.7,3.05,0.67,30.2
1,2018,67,15284.94,22.7,32.1,2.29,0.81,2.8
1,2018,68,18060.25,22.4,33.5,3.03,0.94,2.2
1,2018,69,24732.22,20.9,33.8,2.31,1.57,0
1,2018,70,19108.79,21.8,33.9,2.59,1.21,0
1,2018,71,22701.26,20.7,34.3,2.49,0.96,0
1,2018,72,23071.55,21.7,35.6,2.57,0.91,0
1,2018,73,24085.77,23.9,35.2,2.76,1.34,0
1,2018,74,23928.45,22.1,35.3,2.64,1.5,0
1,2018,75,23966.95,22.4,34.9,2.63,1.44,0
1,2018,76,23669.04,21.7,35.6,2.62,1.14,0
1,2018,77,23081.59,22,34.5,2.56,1.58,0
1,2018,78,17581.17,23.4,34.7,2.66,0.59,0
1,2018,79,22250.21,22.7,34.8,2.45,1.13,0
1,2018,80,17703.77,23.8,34.9,2.61,0.66,0
1,2018,81,22900.84,22.9,35.2,2.69,1.71,0
1,2018,82,18798.74,23.1,35.3,2.64,0.9,0
1,2018,83,19877.41,23.1,35.1,2.56,0.99,0
1,2018,84,22273.22,24.6,35.8,2.7,1.33,0
1,2018,85,21299.16,22.2,36.6,2.64,1.24,0
1,2018,86,11117.57,25.2,33.9,2.92,0.41,0
1,2018,87,7861.69,22.2,25.9,2.86,0.17,42.8
1,2018,88,13727.2,21.9,30.4,3.1,0.24,2.8
1,2018,89,9948.54,22.7,29.4,3.14,0.19,8.4
1,2018,90,8116.88,22.7,25.6,2.88,0.1,9.8
1,2018,91,13100.84,22.5,32.1,3.1,0.29,0.2
1,2018,92,15697.49,23.5,32.2,2.27,0.32,1.2
1,2018,93,17130.13,23.7,33.2,2.24,0.46,0
1,2018,94,6509.21,21.4,26.3,2.8,0.55,18.4
1,2018,95,11361.51,21.1,30.3,2.94,0.17,10.8
1,2018,96,11975.73,22.3,29.9,3.11,0.19,2.8
1,2018,97,14126.78,22.8,32.3,3.16,0.1,0
1,2018,98,13035.98,23.3,30.7,3.2,0.49,0
1,2018,99,11401.26,22.9,29.5,3.02,0.1,0.4
1,2018,100,18796.08,22.3,32.53,3.14,0.09,29.6
1,2018,101,19594.98,22.7,32.4,3.07,0.27,0.2
1,2018,102,22560.25,21.1,32.7,2.85,0.77,0.2
1,2018,103,11894.98,23.6,29.9,3.2,0.37,0.6
1,2018,104,6697.49,21.9,27.8,2.98,0.47,13
1,2018,105,15537.66,21.6,30.4,3.11,0.17,7.2
1,2018,106,18918.41,23.1,30.8,3.21,0.18,37.4
1,2018,107,15244.77,23.1,30.1,3.2,0.31,29.2
1,2018,108,16690.38,22.7,30.7,3.18,0.16,7.8
1,2018,109,10448.54,22.1,27.4,2.94,0.28,11.6
1,2018,110,14756.49,22.6,30.7,3.18,0.04,0
1,2018,111,16862.34,22.4,32.3,3.11,0.17,0
1,2018,112,7950.3,21.3,25.4,2.74,0.27,18.6
1,2018,113,22892.05,21,31.8,3.07,0.07,0.2
1,2018,114,11842.68,22.1,31,3.11,0.16,0.2
1,2018,115,16974.9,21.3,31.5,3.05,0.28,10.2
1,2018,116,7315.48,22.2,25.8,2.86,0.12,2.8
1,2018,117,9269.04,22.3,31.7,3.21,0.46,11
1,2018,118,15634.31,21.8,32,3.11,0.23,0.2
1,2018,119,11516.61,21.8,28.3,2.97,0.3,34
1,2018,120,9905.44,22.3,29.2,3.06,0.54,14.6
1,2018,121,12827.2,21.1,32.1,2.84,0.48,28.6
1,2018,122,15899.16,21.7,31.9,3.14,0.28,1.4
1,2018,123,14327.62,21.6,31.7,3.13,0.27,25.2
1,2018,124,13672.38,21.6,32.2,2.9,0.05,3.8
1,2018,125,14993.72,22.6,30.8,3.24,0.28,0.8
1,2018,126,9479.5,22.4,30.8,3.16,0.27,4.4
1,2018,127,17205.86,22.4,32.6,3.21,0.19,98.8
1,2018,128,10155.23,22.2,28.6,3.02,0.37,1
1,2018,129,15395.82,22,31.8,3.18,0.14,5
1,2018,130,17414.23,22.1,33.4,3.03,0.09,0.4
1,2018,131,18897.98,22.74,31.44,3.18,0.36,0.2
1,2018,132,16118.54,23.69,32.49,3.14,0.41,0.2
1,2018,133,21018.81,22.86,34.16,3.41,0.37,0
1,2018,134,15950.06,22.57,31.17,3.28,0.3,3.4
1,2018,135,6932.64,20.8,27.8,2.83,0.21,0.4
1,2018,136,22292.47,19.5,31.9,2.57,0.5,0.2
1,2018,137,19167.36,20.9,32.7,3.01,0.62,0.2
1,2018,138,18371.55,22.3,32.5,3.13,0.29,0.2
1,2018,139,12582.43,22.6,31.9,3.06,0.18,0
1,2018,140,17744.35,22.7,32.1,3.07,0.34,0
1,2018,141,14506.69,21.9,30.8,3.13,0.19,0
1,2018,142,21132.64,21.9,31.8,3.19,0.25,0
1,2018,143,14788.28,22.2,31.6,3.11,0.42,0
1,2018,144,15717.57,22.2,30.7,3.09,0.23,0.2
1,2018,145,16100,22.6,31.1,3.17,0.23,0
1,2018,146,14718.41,22.7,29.7,3.05,0.27,0
1,2018,147,15506.28,22,29.9,3.01,0.7,0
1,2018,148,7612.97,22.2,27.3,2.91,0.27,0.6
1,2018,149,14368.62,21.6,29.3,3.03,0.46,0.4
1,2018,150,18542.26,20.7,31.8,2.77,0.06,0
1,2018,151,19407.95,22.1,32.4,3.17,0.52,26.6
1,2018,152,11279.08,22.4,32.6,3.21,0.16,13.6
1,2018,153,16307.95,21.5,31.9,3.06,0.35,0.2
1,2018,154,14476.57,23.1,30.9,3.23,0.33,3.2
1,2018,155,18342.26,21.9,31.6,3.08,0.91,25.6
1,2018,156,7758.58,21.9,28.1,3.02,0.36,14
1,2018,157,14725.94,22.4,30.8,3.16,0.48,1.4
1,2018,158,8828.03,23.1,29.9,3.2,0.32,21.8
1,2018,159,11335.98,23.3,29.3,3.13,0.66,0.8
1,2018,160,12722.59,22.8,29.1,3.08,0.64,1.4
1,2018,161,15041,22.3,31.3,3.17,0.56,5
1,2018,162,12120.92,22.1,29.1,3.09,0.34,5.6
1,2018,163,17784.52,22.1,32.17,3.07,0.47,11.4
1,2018,164,9166.11,22.94,30.64,3.27,0.29,27.4
1,2018,165,9973.22,22.46,31.86,3.11,0.11,15.2
1,2018,166,10740.59,21.9,29.5,3.04,0.48,2.6
1,2018,167,15044.77,21.4,30.3,2.99,0.06,1.8
1,2018,168,12542.68,21.3,28.7,2.97,0.8,12
1,2018,169,14078.66,21.1,26.9,2.65,1.04,1.6
1,2018,170,14133.47,20.2,27.9,2.62,0.81,2
1,2018,171,15356.9,20.8,29.6,2.81,0.31,0
1,2018,172,19462.34,21.6,31.2,3.02,0.51,0
1,2018,173,16812.97,20.7,30.6,2.94,0.55,14
1,2018,174,17751.46,20.6,31.2,2.95,0.09,0.6
1,2018,175,9942.68,21.7,27.3,2.8,0.36,6.4
1,2018,176,18523.85,21.4,30.6,2.97,0.69,0
1,2018,177,8802.51,20.2,27.9,2.77,0.18,30.2
1,2018,178,10273.64,20.9,27.7,2.8,0.36,11
1,2018,179,8272.38,19.1,27.2,2.62,0.5,15.4
1,2018,180,15504.18,19.6,29.9,2.83,0.38,0.2
1,2018,181,9273.21,19.6,25.6,2.63,0.17,29.6
1,2018,182,17000.84,19.9,30.8,2.89,0.02,0
1,2018,183,12548.95,20.9,29,2.89,0.22,8.6
1,2018,184,14115.06,21.6,30.4,3.12,0.26,7.2
1,2018,185,14302.09,21.4,30.4,3.09,0.4,3.8
1,2018,186,13441,21.1,30.2,3.03,0.21,0.6
1,2018,187,16374.48,21.4,31.6,2.98,0.62,0
1,2018,188,9246.86,20.8,29.5,3.05,0.28,25.4
1,2018,189,15822.59,21,31.7,3.07,0.12,1.6
1,2018,190,20077.41,21.4,31.7,3.06,0.27,0
1,2018,191,13605.02,21.2,30.6,3.11,0.41,11.6
1,2018,192,14923.43,20.4,30.3,3.03,0.53,2.8
1,2018,193,9244.35,21.4,26.9,2.84,0.16,15.6
1,2018,194,13476.99,20.6,29.4,2.98,0.23,22.2
1,2018,195,12110.88,21.4,29.5,3.04,0.04,20
1,2018,196,17635.15,21.2,30.8,3.05,0.1,4.4
1,2018,197,15392.89,21.3,31.4,3.15,0.29,0.6
1,2018,198,10824.27,20.7,29.8,3.01,0.21,4.2
1,2018,199,14232.22,20.4,30.1,3.06,0.1,7
1,2018,200,15300.84,20.3,29.3,2.9,0.49,1.6
1,2018,201,18782.85,19.6,32,2.86,0.69,0.4
1,2018,202,14596.23,20.9,32.1,3.17,0.95,12.8
1,2018,203,20455.23,19.6,31.4,2.86,0.12,18
1,2018,204,20602.51,21,31.8,3.12,0.15,30.6
1,2018,205,7656.31,21.3,25,2.7,0.3,14.4
1,2018,206,12876.99,20.7,29.9,3.05,0.16,9.4
1,2018,207,18443.51,20.7,28.6,2.79,0.3,0.2
1,2018,208,15245.61,21.6,29.6,2.98,0.37,27.2
1,2018,209,18094.56,21.5,30.6,3.05,0.3,0.8
1,2018,210,13981.59,21.4,30.8,3.12,0.28,13.4
1,2018,211,13929.71,22.5,27.8,2.93,0.7,5.2
1,2018,212,8300,21.5,26.6,2.79,0.14,2.8
1,2018,213,15860.89,21.3,33.11,3.59,0.09,34.4
1,2018,214,18663.18,20.4,30.8,2.9,0.11,0.2
1,2018,215,14231.38,21.5,30.4,3.08,0.49,4.8
1,2018,216,20656.07,22,32.1,3.18,0.46,1.4
1,2018,217,19197.07,21.3,31.6,3.06,0.46,0.2
1,2018,218,23789.96,20.7,32.4,2.93,0.59,0
1,2018,219,8707.53,21.2,28.5,2.89,0.42,4.6
1,2018,220,15055.23,20.8,31.3,3.01,0.14,10.4
1,2018,221,10797.91,20.9,28.5,2.88,0.22,1.2
1,2018,222,21453.56,19,32,2.74,0.01,0
1,2018,223,17426.36,21.6,32.1,3.15,0.28,0.6
1,2018,224,16269.46,21.9,30.8,3.1,0.05,21.8
1,2018,225,13197.91,21.8,31.1,3.18,0.08,2.2
1,2018,226,10235.56,21.4,26.7,2.77,0.39,29.2
1,2018,227,22336.4,21.3,31.8,3.03,0.16,0
1,2018,228,19943.51,19.9,33.6,2.87,0.11,0
1,2018,229,17780.75,21.8,29.7,2.95,0.44,5.2
1,2018,230,17126.78,20.6,30.4,2.97,0.32,18.4
1,2018,231,22241.42,20.8,32.2,3.02,0.08,1.8
1,2018,232,18200,20.4,31.7,3.05,0.52,5.6
1,2018,233,16315.9,20.8,30.7,2.94,0.25,0
1,2018,234,21271.97,21.8,31.4,3.01,0.51,0.2
1,2018,235,9767.36,22.1,28.9,3.03,0.16,14.4
1,2018,236,25014.64,21.3,31.8,3.02,0.01,0.2
1,2018,237,16520.08,21.6,31.8,3.13,0.4,0.2
1,2018,238,16056.9,21.2,31.3,3.13,0.45,3.6
1,2018,239,15308.37,19.9,29.9,2.79,0.16,0
1,2018,240,11885.35,21.4,29.2,2.99,0.2,24.2
1,2018,241,19889.96,21.4,30.4,2.92,0.41,0
1,2018,242,18697.49,21.4,32.5,3.12,0.12,0
1,2018,243,16542.39,21.3,30.2,2.99,0.09,16.8
1,2018,244,24207.95,20.8,32,2.93,0.49,0
1,2018,245,14657.74,21.4,30.6,3.09,0.62,6.4
1,2018,246,11612.13,20.9,29.3,2.97,0.4,0
1,2018,247,14885.36,21.8,29.5,3.08,0.54,4.2
1,2018,248,19888.7,22.1,30.7,3.09,0.63,0
1,2018,249,11084.94,21.4,29.6,3.01,0.3,3.6
1,2018,250,11415.9,22.2,29.8,3.05,0.24,0
1,2018,251,22294.98,21.7,32.3,3.22,0.28,0
1,2018,252,13537.24,20.9,31.6,3.11,0.14,0
1,2018,253,15121.34,22,31.2,3.15,0.12,0
1,2018,254,14225.1,21.7,30.9,3.17,0.36,0
1,2018,255,17815.9,21.2,30.5,3.01,0.29,0
1,2018,256,18298.33,22.2,31.3,3.26,0.41,0.6
1,2018,257,17858.16,20.8,32.1,3.16,0.11,0.2
1,2018,258,11961.86,20.7,29.1,2.99,0.27,15.2
1,2018,259,21602.09,19.8,32.9,3.03,0.06,0
1,2018,260,14737.66,20.8,29.7,2.77,0.55,0
1,2018,261,24108.37,21.7,31.7,2.96,0.55,0
1,2018,262,21501.26,21.2,33,3.14,0.54,0
1,2018,263,24528.87,19.9,33.2,3,0.01,0
1,2018,264,19442.26,21.6,32.6,3.08,0.79,3.2
1,2018,265,21028.87,21.7,32.2,3.13,0.44,0.4
1,2018,266,16775.73,22.6,31.8,3.23,0.14,0.2
1,2018,267,22088.28,22.1,33.6,3.26,0.19,0.4
1,2018,268,21377.41,21.3,32.7,3.06,0.24,0
1,2018,269,21941.42,21.5,33.1,3.13,0.55,9
1,2018,270,9673.22,21.4,31,3.25,0.22,0.4
1,2018,271,20167.78,21.3,31.1,3.05,0.41,0
1,2018,272,23041.42,21.7,32.9,3.08,0.14,0
1,2018,273,16229.71,22.7,32.8,3.32,0.25,0
1,2018,274,16520.08,22.6,31.7,3.27,0.63,0.4
1,2018,275,24200.42,21.9,33.3,3.16,0.11,0
1,2018,276,20674.06,21.4,33.9,3.05,0.13,0
1,2018,277,21732.64,21.6,32.8,3.15,0.23,0
1,2018,278,17700.84,22.1,32.2,3.09,0.14,12
1,2018,279,13252.3,21.4,29.4,3.02,0.47,0
1,2018,280,20947.28,20.4,32.3,3.01,0,0
1,2018,281,23204.6,22.2,33.2,3.07,0.53,0
1,2018,282,19553.56,21.8,32.8,3.1,0.69,0
1,2018,283,22038.91,21.5,33.1,3.16,0.93,0
1,2018,284,10750.21,21.4,29.8,3.02,0.38,0
1,2018,285,16161.09,22.3,32.2,3.25,0.19,0
1,2018,286,16266.53,21.5,30.5,3.01,0.32,0
1,2018,287,21912.13,22.3,32.2,3.13,0.27,0
1,2018,288,17982.43,22.1,30.2,2.99,0.43,0
1,2018,289,22539.33,21.3,32.2,3.07,0.62,0
1,2018,290,22710.04,22,33.1,3.06,0.63,0
1,2018,291,16528.45,24.4,33.5,3.16,0.47,0
1,2018,292,19076.99,22.1,32.8,3.2,0.35,14.8
1,2018,293,19513.81,22.2,32.1,3.18,0.07,0
1,2018,294,11795.4,22.2,29.4,2.98,0.09,0.2
1,2018,295,16813.39,21.3,31.9,3.18,0.38,0
1,2018,296,18160.25,22.3,30.7,3.03,0.49,0
1,2018,297,12305.44,22.9,31,3.23,0.49,0
1,2018,298,9153.14,21.5,29.9,3.02,0.2,0
1,2018,299,15186.19,22.3,32.3,3.2,0.22,1.2
1,2018,300,19703.77,22.4,32.3,3.29,0.46,0.2
1,2018,301,18251.88,22.1,32.4,3.24,0.72,1.4
1,2018,302,20019.25,21.4,32.53,2.98,0.59,14.8
1,2018,303,21467.78,21.5,32.7,2.86,0.96,0
1,2018,304,19071.62,23.66,33.66,2.85,0.36,27.2
1,2018,305,16970.4,22.39,32.61,3.19,0.35,0.2
1,2018,306,13217.81,22.11,31.06,3.1,0.36,0
1,2018,307,22493.07,20.94,32.39,2.93,0.61,0
1,2018,308,21993.13,21.61,32.17,3.02,0.61,0
1,2018,309,11573.79,23.5,32.06,3.21,0.18,0
1,2018,310,22082.93,22,33.11,3.04,0.4,0
1,2018,311,15822.86,23.22,33.28,3.45,0.36,0
1,2018,312,15088.92,22.72,31.89,3.38,0.44,0
1,2018,313,16060.31,23.56,32.83,3.38,0.22,3.2
1,2018,314,15293.56,22.94,32.78,3.41,0.29,2.2
1,2018,315,19082.42,22.67,32.39,3.17,0.45,0
1,2018,316,17459.98,21.89,33.22,3.23,0.47,0
1,2018,317,15999.01,22.11,31.94,3.03,0.51,0
1,2018,318,21144.35,21.33,33,3,0.45,0
1,2018,319,21593.35,22.83,33.06,3.16,0.67,2.1
1,2018,320,14520.77,23.06,30.28,3.09,0.63,18.5
1,2018,321,19236.98,22.89,31.06,3.25,0.67,0
1,2018,322,17747.51,23.11,31.28,3.17,0.5,0
1,2018,323,20406.1,23.39,32.83,2.99,0.79,0
1,2018,324,20892.22,22.67,33.61,3.13,0.75,0
1,2018,325,18841.51,22.5,32.5,3.18,0.63,0
1,2018,326,18668.82,22.94,32.67,3.12,0.57,0
1,2018,327,18074.76,23.39,32,3.02,0.7,0
1,2018,328,19956.24,21.39,32.94,2.91,0.68,0
1,2018,329,19477.88,21.72,33.33,2.83,0.83,0
1,2018,330,20075.39,21.33,32.67,2.97,0.74,0
1,2018,331,12754.13,21.56,31.39,2.91,0.52,0
1,2018,332,19236.98,21.22,33.5,2.92,0.61,0
1,2018,333,18787.11,22.33,32.67,3,0.81,0
1,2018,334,15549.15,22.17,30.5,2.7,0.85,0
1,2018,335,20881,21.39,32.61,2.76,0.69,0
1,2018,336,20902.58,20.17,32.33,2.65,0.7,0
1,2018,337,20802.42,19.89,32.06,2.65,0.67,0
1,2018,338,20420.78,19.06,32.06,2.64,0.53,0
1,2018,339,20065.03,22.06,32.56,2.67,0.7,0
1,2018,340,19701.52,19.83,33.61,2.65,0.66,0
1,2018,341,20165.19,21.17,33.78,2.75,0.48,0
1,2018,342,20370.7,21.83,33.83,2.79,0.49,0
1,2018,343,20244.63,20.61,33.78,2.77,0.38,0
1,2018,344,18790.57,20.72,33.61,2.82,0.31,0
1,2018,345,10411.57,20.56,32.33,2.69,0.27,0
1,2018,346,15024.16,21.78,33.78,2.87,0.49,0
1,2018,347,12498.55,22.44,33.11,2.97,0.69,0
1,2018,348,20931.94,21.83,33.89,2.89,0.88,0
1,2018,349,20341.34,19.72,33.78,2.61,1.07,0
1,2018,350,20593.47,20.39,32.5,2.54,1.01,0
1,2018,351,19964.01,20.44,33.22,2.51,1.05,0
1,2018,352,20115.11,20,33.67,2.6,0.94,0
1,2018,353,18942.54,20.72,34.28,2.76,0.79,0
1,2018,354,20510.58,21.94,34.78,2.66,1.22,0
1,2018,355,20168.65,22.39,34.56,2.83,1.09,0
1,2018,356,19298.28,21.61,33.67,2.72,0.93,0
1,2018,357,19935.51,18.72,33.83,2.41,0.97,0
1,2018,358,18913.18,19.94,33.06,2.53,1,0
1,2018,359,20535.62,18.67,33.78,2.4,1.17,0
1,2018,360,19715.33,19.89,32.94,2.41,1.15,0
1,2018,361,19115.23,20.72,33.56,2.41,1.31,0
1,2018,362,19510.69,20.22,33.28,2.43,1.39,2.8
1,2018,363,20557.2,21.06,33.5,2.56,1.18,0
1,2018,364,18260.4,20.56,33.39,2.44,0.74,0
1,2018,365,19819.81,19.89,34.22,2.44,0.79,0
