*-----------------------------------------------------------
*  Station Name: YOCS
*  DSSAT Weather file - by https://github.com/jrodriguez88
*  Longitude: -72.20522 -- Latitude: 5.3295 -- Elevation: 209m
*-----------------------------------------------------------
*  Date: 2014-01-01 : 2021-12-31
*
*  Column    Daily Value
*     1      Station number
*     2      Year
*     3      Day
*     4      irradiance         KJ m-2 d-1
*     5      min temperature            oC
*     6      max temperature            oC
*     7      vapor pressure            kPa
*     8      mean wind speed         m s-1
*     9      precipitation          mm d-1
*-----------------------------------------------------------
-72.20522,5.3295,209,0,0
1,2020,1,18409.78,21.33,31.72,2.76,0.44,0
1,2020,2,18711.99,20,31.39,2.67,0.61,0
1,2020,3,18916.63,18.83,32.56,2.65,0.27,0
1,2020,4,18733.58,19.89,32.67,2.64,0.22,0
1,2020,5,18819.92,19.33,31.83,2.65,0.48,0
1,2020,6,19110.91,20.83,32.44,2.76,0.31,0
1,2020,7,19443.34,19.94,31.83,2.65,0.52,0
1,2020,8,22493.07,21.06,31.78,2.63,0.64,0
1,2020,9,18595.43,19.61,31.56,2.61,0.66,0
1,2020,10,20227.36,18.94,32.11,2.53,0.67,0
1,2020,11,17312.33,22.06,30.17,2.47,1.14,0
1,2020,12,14121.85,19.33,29.89,2.4,1.03,0
1,2020,13,15632.04,21,30.33,2.54,0.85,0
1,2020,14,16603.43,19.5,30.67,2.49,0.72,0
1,2020,15,18039.36,20.61,33.44,2.76,0.39,0
1,2020,16,9365.06,22.44,30,2.83,0.25,0
1,2020,17,9440.18,23,30.44,3.06,0.09,0.4
1,2020,18,16701,23,33.06,3.13,0.22,0
1,2020,19,16369.43,23.67,32.17,2.94,0.58,0
1,2020,20,12495.1,23.56,32.17,3.04,0.07,0
1,2020,21,18147.29,22.61,34.28,3.06,0.25,0
1,2020,22,16276.18,23.44,33.39,3,0.23,0
1,2020,23,16405.7,23,35.06,3.02,0.18,0
1,2020,24,14405.07,24.67,33,3.02,0.38,0
1,2020,25,18909.72,24.06,33.39,2.83,0.33,0
1,2020,26,15193.4,22.67,34.22,2.9,0.1,0
1,2020,27,19258.56,23.33,35.17,2.9,0.2,0
1,2020,28,18776.75,22.39,33.56,2.74,0.66,0
1,2020,29,13966.43,23,33.61,2.76,0.52,0
1,2020,30,19110.91,22.67,34.61,2.76,0.29,0
1,2020,31,17287.29,22.94,34.56,2.71,0.36,0
1,2020,32,16571.48,24.22,35.06,2.92,0.55,0
1,2020,33,17813.13,22.83,34,2.83,0.42,0
1,2020,34,18459.86,22.72,35.06,2.79,0.36,0
1,2020,35,19474.43,20.67,34.56,2.55,0.65,0
1,2020,36,19917.38,19.78,34.56,2.4,0.72,0
1,2020,37,20046.9,20.39,34.33,2.25,1.05,0
1,2020,38,19445.93,20.28,33.67,2.33,1,0
1,2020,39,18916.63,20.94,32.83,2.39,1.08,0
1,2020,40,19276.69,19.39,33.78,2.28,0.85,0
1,2020,41,19769.73,20.72,33.56,2.36,1.02,0
1,2020,42,19982.14,20.17,34.5,2.47,0.81,0
1,2020,43,21690.92,20.56,35.22,2.45,0.89,0
1,2020,44,18524.47,23.44,33.67,2.46,1.84,0
1,2020,45,18755.74,23.7,34.76,2.82,3.09,0
1,2020,46,18452.95,22.09,33.87,2.86,3.47,0
1,2020,47,20134.98,21.82,33.27,2.87,2.6,0.25
1,2020,48,17909.92,23.1,34.37,2.67,2.42,0
1,2020,49,14698,24.53,33.15,2.91,2.68,0.4
1,2020,50,18758.12,21.94,33.39,2.98,1.73,0
1,2020,51,19304.33,23.08,35.31,2.73,2.68,0
1,2020,52,19537.44,24.47,36.69,2.35,2.55,0
1,2020,53,20204.6,24.45,36.84,2.47,2.38,0
1,2020,54,18209.12,23.64,33.19,3.34,1.26,0
1,2020,55,15534.33,24.19,33.58,2.84,1.55,0
1,2020,56,19535.1,23.87,35.48,2.73,2.12,0
1,2020,57,20156.7,21.43,35.1,2.43,2.86,0
1,2020,58,10681.84,24.67,33.28,2.67,2.05,0
1,2020,59,8690.7,20.83,30.11,2.76,2.62,1.02
1,2020,60,19339.53,23.75,37.97,2.68,1.75,0
1,2020,61,15344.32,24.4,34.4,2.58,1.91,0
1,2020,62,17736.79,24.54,36.2,2.57,2.2,0
1,2020,63,16377.97,25.27,36.55,2.78,1.5,0
1,2020,64,15618.47,26.77,34.32,2.53,2.13,0
1,2020,65,17825.66,25.99,37.32,2.73,1.88,0
1,2020,66,19065.17,24.29,35.4,2.96,1.95,0.5
1,2020,67,15409.76,25.29,36.18,2.81,1.69,2.4
1,2020,68,18015.36,23.26,34.65,3.02,1.8,0.25
1,2020,69,16802.71,24.97,34.58,2.64,2.47,1.8
1,2020,70,21440.38,24.41,28.13,2.61,2.12,53.85
1,2020,71,18082.52,24.48,36.26,2.53,1.8,6
1,2020,72,17125.03,26.28,35.72,2.5,0.53,0
1,2020,73,17551.05,24.1,35.83,2.79,2.11,0
1,2020,74,18069.63,23.78,34.11,3.24,0.95,0
1,2020,75,17263.36,25.17,34.78,2.58,1.24,0
1,2020,76,17877.08,23.09,35.59,2.74,1.68,0
1,2020,77,20296.61,24.04,34.78,1.92,2.52,0
1,2020,78,15815.18,22.77,30.56,1.7,2.2,0
1,2020,79,15144.71,22.83,30.5,1.75,2.41,0
1,2020,80,16128.65,23.49,30.5,1.74,2.25,0
1,2020,81,14773.63,24.99,30.06,1.71,2.96,0
1,2020,82,16841.11,23.53,33.97,3.05,2.74,0
1,2020,83,18015.06,22.37,32.37,2.9,2.57,0
1,2020,84,15144.95,25.03,31.33,1.88,2.11,0
1,2020,85,16812.02,27,30.94,2.02,2.05,0
1,2020,86,17545.41,23.12,31.28,1.81,2.15,0
1,2020,87,16797.32,27.33,31.17,1.98,1.97,0
1,2020,88,16160.59,22.58,30.61,1.73,2.5,0
1,2020,89,19738.72,23.56,32.39,3.15,2.89,0
1,2020,90,17716.61,23.41,32.07,3.11,1.53,0.25
1,2020,91,17121.5,24.39,33.17,3.28,0.34,0
1,2020,92,13124.56,23,35.39,3.27,0.35,52.07
1,2020,93,11955.44,22.44,29.11,2.93,0.67,2.54
1,2020,94,14448.24,23.39,31.83,3.11,1.02,0
1,2020,95,18111.03,22.83,35.39,3.23,0.18,21.33
1,2020,96,14524.22,23.44,33.22,3.42,0.28,7.11
1,2020,97,13671.13,23,34.67,3.56,0.34,38.86
1,2020,98,16884.05,22.89,34.67,3.46,0.2,0.25
1,2020,99,12302.55,24.5,32.17,3.35,0.13,9.65
1,2020,100,8915.53,22.83,27.17,2.91,0.2,10.92
1,2020,101,18042.81,22.78,32.56,3.27,1.04,65.02
1,2020,102,12035.34,23.11,33.79,3.87,0.44,0.5
1,2020,103,17703.9,23.41,33.68,2.92,0.64,5.07
1,2020,104,19398.42,22.37,32.76,3.12,1.3,3
1,2020,105,19345,22.93,33.26,2.83,1.83,0
1,2020,106,23406.61,26.78,33.17,2.58,0.36,0
1,2020,107,16085.35,23.28,34.06,2.78,0.23,0
1,2020,108,11344.11,23.61,32.78,2.84,0.27,0
1,2020,109,12580.04,23.67,27.56,2.96,0.65,2.04
1,2020,110,16625.02,21.67,29.83,2.97,0.44,74.92
1,2020,111,12994.59,23.06,33.91,3.72,0.27,0
1,2020,112,18084.08,21.97,30.08,2.96,0.51,28
1,2020,113,19524.73,21.11,31.89,2.96,0.55,14.48
1,2020,114,19154.14,22.25,37.63,2.6,0.36,0
1,2020,115,18166.45,23.32,31.99,3.21,0.75,0
1,2020,116,15977.82,25,33.39,3.16,1.5,0
1,2020,117,20237.72,23.67,34.17,2.86,0.25,0
1,2020,118,16686.32,23.78,34.11,3.29,0.03,0
1,2020,119,17726.79,23.94,33.44,3.44,0.32,14.47
1,2020,120,14768.58,23.22,30.11,3.21,0.78,14.48
1,2020,121,12124.67,23.83,33.28,3.47,0.07,0.25
1,2020,122,9325.34,24.44,29.72,3.25,0.3,0
1,2020,123,17291.6,24.39,33.72,3.45,0.83,0.5
1,2020,124,13044.26,22.94,26.94,2.9,0.19,4.06
1,2020,125,12566.76,22.78,31.67,3.39,0.34,4.07
1,2020,126,12807.67,22.72,31.33,3.21,0.06,0
1,2020,127,14556.17,23,32.33,3.2,0.38,0
1,2020,128,13149.6,23.89,32.39,3.32,0.35,0.25
1,2020,129,9894.64,22.39,25.44,2.77,0.35,7.35
1,2020,130,14290.23,23.11,31.06,3.23,0.35,3.3
1,2020,131,18967.58,22.61,32.83,3.3,0.35,0.76
1,2020,132,18013.46,23.83,33.5,3.46,0.35,0
1,2020,133,15290.11,25.11,32.56,3.38,0.35,1.02
1,2020,134,11422.68,23.56,29.17,3.06,0.35,0
1,2020,135,17906.39,22.83,32.17,3.36,0.35,41.41
1,2020,136,11203.36,22.89,30.44,3.24,0.35,9.14
1,2020,137,18237.09,23.28,32.72,3.34,0.35,0.25
1,2020,138,6432.76,22.33,28.56,3.02,0.35,8.38
1,2020,139,14567.4,22.22,32.5,3.33,0.35,0.25
1,2020,140,14333.4,23.17,31.44,3.33,0.35,12.95
1,2020,141,19755.05,23.06,33.72,3.48,0.35,0
1,2020,142,8796.91,22.56,30.61,3.23,0.35,21.33
1,2020,143,8486.93,22.33,30.06,3.19,0.35,6.09
1,2020,144,19402.76,21.39,32.56,3.12,0.35,0.25
1,2020,145,20928.49,23.72,32.22,3.26,0.35,0
1,2020,146,17380.54,23.78,31.11,3.15,0.35,0
1,2020,147,16510.18,22.83,30.22,3.12,0.35,3.31
1,2020,148,13612.41,22.39,29.33,3,0.35,0.51
1,2020,149,17754.69,22.81,33.08,2.93,0.35,0
1,2020,150,18336.13,21.99,32.33,3.11,0.35,0
1,2020,151,16561.91,21.99,30.66,3.11,0.35,1.02
1,2020,152,17718.48,23.72,31.27,3.14,0.35,0.6
1,2020,153,13628.28,25.41,30.64,2.82,0.75,0.8
1,2020,154,14328.05,23.98,32.31,2.94,0.6,1.4
1,2020,155,17810.3,23.58,32.8,3.19,0.48,3.8
1,2020,156,18424.25,23.97,34.8,2.78,0.4,0.25
1,2020,157,15949.76,24.17,32.06,2.89,0.64,0.8
1,2020,158,17801.4,24.29,31.79,3.22,0.71,0
1,2020,159,12759.45,22.93,29.6,2.72,0.52,0
1,2020,160,16727.44,23.56,31.78,3.22,0.14,0.6
1,2020,161,11944.21,24.33,31.06,3.1,0.39,0
1,2020,162,13559.74,23,30.83,3.22,0.05,0.76
1,2020,163,19553.86,22.33,31.67,3.22,0.14,16.25
1,2020,164,7374.79,22.22,31.5,3.34,0.02,18.81
1,2020,165,14419.74,23.28,30.67,3.23,0.09,11.43
1,2020,166,18042.81,23.17,32,3.31,0.48,0.5
1,2020,167,8447.21,22.33,28.67,2.99,0.38,0.75
1,2020,168,19877.66,22.28,31.78,3.12,0.44,0.76
1,2020,169,18517.71,22.67,31.17,3.18,0.53,25.9
1,2020,170,7817.75,22.94,27.06,2.98,0.42,8.37
1,2020,171,18913.18,22.72,30.61,3.17,0.14,0.25
1,2020,172,11246.54,23,30.5,3.22,0.33,12.44
1,2020,173,9037.33,22.11,29.34,3.24,0.04,0.25
1,2020,174,15843.8,22.85,30.85,2.52,0.61,0
1,2020,175,10381.8,22.12,28.39,2.95,1.56,0
1,2020,176,15114.53,24.26,29.1,2.94,1.02,12.44
1,2020,177,9847.87,22.95,26.39,2.83,1.86,15.75
1,2020,178,15072.61,22.46,31.29,2.72,1.99,0
1,2020,179,14307.66,22.81,30.47,2.59,0.6,0.3
1,2020,180,16786.93,22,30.22,3.01,1.39,0.25
1,2020,181,15219.96,22.84,30.95,2.84,0.58,1.6
1,2020,182,24615.45,23.61,30.61,3.07,0.25,0
1,2020,183,12976.91,23,31,3.24,0.1,6.6
1,2020,184,11498.67,21.72,29.83,3.11,0.07,81.02
1,2020,185,17247.57,22.61,31.22,3.23,0.16,2.28
1,2020,186,10212.11,21.44,30.22,3.09,0.22,7.87
1,2020,187,16492.04,21.28,30.56,3.03,0.03,0
1,2020,188,6623.58,20.89,27.17,2.85,0.07,26.92
1,2020,189,17567.91,21.83,30.61,3.07,0.02,3.05
1,2020,190,19819.81,23.17,31.17,3.2,0.09,0
1,2020,191,19697.2,22.89,31.33,3.18,0.2,6.1
1,2020,192,13016.63,22.28,31.28,3.29,0.07,4.83
1,2020,193,8837.51,22.33,26.28,2.88,0.03,6.09
1,2020,194,17927.11,22.33,29.83,3.1,0.23,0.25
1,2020,195,18977.94,22.11,32.06,3.21,0.43,0.76
1,2020,196,20672.91,20,32.17,2.95,0.03,1.53
1,2020,197,12840.48,22.28,30.06,3.17,0.07,25.91
1,2020,198,19330.23,22.28,30.67,3.08,0.25,0.25
1,2020,199,12182.53,22.28,29.11,3.02,0.42,12.18
1,2020,200,12354.35,22.56,30.94,3.22,0.18,0
1,2020,201,17833.86,22.22,30.44,3.11,0.72,0
1,2020,202,13079.66,22.89,29,3.07,0.36,0.25
1,2020,203,12138.49,22.56,29.06,3.09,0.34,0.76
1,2020,204,8843.53,22.17,29,3.09,0.05,14.98
1,2020,205,9512.71,22.39,29.67,3.14,0.12,1.26
1,2020,206,16765.76,22.61,30.89,3.23,0.25,1.52
1,2020,207,19633.3,22.39,30.06,3.09,0.46,3.29
1,2020,208,10839.85,22.44,30.39,3.22,0.11,32.25
1,2020,209,16067.22,21.44,30.89,3.08,0.19,0.25
1,2020,210,20888.77,22.39,32.78,3.21,0.25,0
1,2020,211,20648.73,22.5,29.61,3.04,0.32,11.43
1,2020,212,13822.23,21.17,28.06,2.86,0.55,99.83
1,2020,213,16214.87,22.94,30.17,3,1.35,0
1,2020,214,15153.68,23.11,29.61,3.01,1.11,0
1,2020,215,20719.53,22.33,30.67,3.01,1.1,0
1,2020,216,15009.49,23.06,30.67,3.13,0.5,0
1,2020,217,17056.74,22,28.78,2.87,0.95,0
1,2020,218,15409.27,22.61,28.83,2.95,0.8,0
1,2020,219,17992.73,23.28,30.22,3.05,0.63,0
1,2020,220,15678.67,23,29.94,3.08,0.72,0.75
1,2020,221,10080.87,21.94,27.56,2.85,0.42,0
1,2020,222,11804.33,21.33,29.78,3,0.11,0
1,2020,223,8447.21,22.78,26.56,2.82,0.14,0.25
1,2020,224,16261.5,22.28,32.33,3.26,0.1,3.3
1,2020,225,15050.07,22.67,33.06,3.47,0.13,19.05
1,2020,226,7136.48,23.17,29.22,3.27,0.64,32.77
1,2020,227,10057.56,22.72,31.06,3.34,0.07,9.13
1,2020,228,20618.51,22.61,33.78,3.43,0.45,0
1,2020,229,21403.39,21.56,33.44,3.25,0.12,46.98
1,2020,230,10451.29,22.17,29.56,3.1,0.07,17.02
1,2020,231,12516.68,22.61,31.5,3.32,0.05,0
1,2020,232,17772.55,21.17,32,3.14,0.03,0
1,2020,233,16581.84,23.67,34.11,3.51,0.07,0
1,2020,234,17614.54,22.61,34.11,3.52,0.04,8.89
1,2020,235,11915.72,21.67,28.06,2.93,0.5,24.13
1,2020,236,14354.98,21.44,28.39,2.96,0.73,5.32
1,2020,237,13912.03,21.22,28.17,2.86,0.64,2.28
1,2020,238,13882.67,22.06,28.28,2.95,0.63,2.79
1,2020,239,14625.25,21.89,31.56,3.17,0.38,0
1,2020,240,20862.87,22.72,34.72,3.44,0.07,0
1,2020,241,20975.12,22.94,35.28,3.43,0.1,0
1,2020,242,18500.45,22.61,33.06,3.36,0.09,0
1,2020,243,13790.28,22.94,30.11,3.14,0.07,0.5
1,2020,244,17719.02,22.56,31.44,3.11,0.24,0
1,2020,245,11717.98,22.56,30.33,3.09,0.67,0
1,2020,246,17657.71,22.11,30.33,2.99,0.98,0.5
1,2020,247,18567.8,22.72,30.72,3.16,0.48,1.77
1,2020,248,21234.15,22.39,33.78,3.33,0.23,5.08
1,2020,249,22996.47,22.72,33.72,3.32,0.25,1.26
1,2020,250,21878.29,22.06,32.67,3.13,0.09,0
1,2020,251,16726.04,20.78,32.17,3.07,0.25,9.15
1,2020,252,18247.45,21.94,32.78,3.17,0.02,0
1,2020,253,16430.74,21.28,30.33,3.09,0.46,7.62
1,2020,254,17891.71,21.33,31.83,3.12,0.09,0.25
1,2020,255,20633.19,22.06,31.44,3.12,0.65,0.25
1,2020,256,16976.44,22.22,32.5,3.21,0.34,0
1,2020,257,21021.74,22.44,33.56,3.29,0.25,1.01
1,2020,258,9958.26,22.17,31.72,3.3,0.09,8.38
1,2020,259,20115.11,20.56,33.89,3.14,0.07,3.3
1,2020,260,11480.53,21.22,30.67,3.2,0.05,46.73
1,2020,261,22209,19.72,33.56,3.12,0.05,0.25
1,2020,262,22277.21,22.39,34.78,3.26,0.05,0
1,2020,263,19453.7,22.83,34.94,3.59,0.05,14.98
1,2020,264,15049.2,22.22,32.5,3.34,0.24,10.16
1,2020,265,19104,22.67,33.5,3.37,0.03,0.25
1,2020,266,21827.35,22.28,34.78,3.19,0.24,0
1,2020,267,7386.02,21.33,26.83,2.79,0.18,53.32
1,2020,268,17715.56,22.33,30.94,3.15,0.53,0.25
1,2020,269,21234.15,22.72,33.28,3.27,0.24,0
1,2020,270,18099.8,23.44,33.44,3.36,0.07,0
1,2020,271,10678.38,20.5,28.56,2.92,0.09,26.68
1,2020,272,22575.97,20.94,33.33,3.17,0.12,2.28
1,2020,273,13408.64,20.22,32.5,3.1,0.05,58.67
1,2020,274,15765.01,22.83,32.33,3.26,0.32,0
1,2020,275,19801.68,22.5,32.61,3.23,0.17,0
1,2020,276,15452.44,21.83,29.61,2.95,0.49,12.45
1,2020,277,14628.7,22.22,33,3.35,0.11,0
1,2020,278,19766.27,22,31.33,3.1,0.18,4.82
1,2020,279,17287.29,21.67,30.56,3.03,0.98,22.1
1,2020,280,20204.91,23,32.83,3.22,0.07,0.25
1,2020,281,16157.02,21.67,30.67,3.1,0.67,12.44
1,2020,282,14675.33,21.44,30.44,3.1,0.66,39.87
1,2020,283,21593.35,20.89,31.89,3.03,0.1,0
1,2020,284,21946.51,20.83,32.78,3.04,0.45,8.12
1,2020,285,19464.06,22.94,32.89,3.2,0.35,0
1,2020,286,14099.4,21.94,28.94,2.94,0.47,6.09
1,2020,287,15049.2,22.5,32.22,3.2,0.05,0
1,2020,288,14822.98,22.56,33.33,3.37,0.05,16
1,2020,289,22119.2,21.89,33.5,3.16,0.27,0
1,2020,290,15934.25,22.56,32,3.29,0.23,15.75
1,2020,291,15545.69,23.28,30.28,3.19,0.44,0
1,2020,292,16143.21,22.67,32.28,3.27,0.23,0
1,2020,293,17956.47,22.83,32.83,3.22,0.14,0
1,2020,294,10857.98,23.39,31.67,3.28,0.23,0.5
1,2020,295,16852.1,22.67,32.83,3.3,0.07,0
1,2020,296,15336.74,22.17,33.17,3.27,0.02,1.52
1,2020,297,22230.58,23.22,33.06,3.4,0.16,25.64
1,2020,298,14378.03,24.56,33.5,2.92,0.27,0
1,2020,299,19510.95,22.44,33.5,2.87,0.04,0
1,2020,300,18599.09,23.06,34.17,2.8,0.07,0
1,2020,301,13823.13,26,31.56,2.95,0.78,0
1,2020,302,14639,26.17,33.61,3.12,0.08,0
1,2020,303,12711.64,25.33,34.06,3.02,0.27,0
1,2020,304,14994.81,27.17,34.28,2.88,0.2,0
1,2020,305,15328.91,26.33,33.72,3.21,0.16,0
1,2020,306,13357.69,22.94,29.5,2.98,0.32,0
1,2020,307,16943.78,28,30.83,3.16,0.1,0
1,2020,308,16681.83,25.33,32.67,3.29,0.06,0.51
1,2020,309,18294.94,23.72,32,3.41,0.14,4.06
1,2020,310,23869.43,24.67,32.33,3.38,0.03,0
1,2020,311,16996.3,24.11,32.72,3.39,0.18,0
1,2020,312,20763.76,24.11,33.89,3.33,0.76,28.95
1,2020,313,26421.81,23.78,31.33,3.17,0.13,0.51
1,2020,314,15450.71,23.39,30.67,3.18,0.32,0.25
1,2020,315,18396.83,23.94,32.67,3.51,0.02,14.47
1,2020,316,14609.7,23.94,29.33,3.17,0.09,0
1,2020,317,14678.72,24.5,33.83,3.05,0.26,0
1,2020,318,25990.08,23.33,31.39,3,0.06,0
1,2020,319,17473.22,23,32.44,3.07,0.03,0
1,2020,320,12140.69,25.06,33.67,2.92,0.06,0
1,2020,321,23448.06,22.33,32.44,3.23,0.29,71.11
1,2020,322,19676.47,22.5,31.17,3.18,0.05,4.56
1,2020,323,18495.26,22.56,31.22,3.14,0.17,0
1,2020,324,18968.01,22.88,32.61,2.69,0.52,0
1,2020,325,15958.65,25.22,32.17,3.01,0.6,0
1,2020,326,24398.73,23.72,32.33,3.16,0.18,9.14
1,2020,327,17004.49,23.11,33.5,2.95,0.59,0
1,2020,328,18140.31,24.28,33.94,3.15,0.36,0
1,2020,329,15559.88,24.06,32.44,3.1,0.54,0.51
1,2020,330,16960.3,23.28,33.72,2.93,0.48,0
1,2020,331,15564.84,27,32.44,3.08,0.89,0
1,2020,332,16555.14,23.67,31.44,3.15,1.09,10.67
1,2020,333,16165.06,22.33,29.94,2.94,0.71,29.98
1,2020,334,24187.18,23.11,31.33,3.06,0.21,0
1,2020,335,19706.45,23.78,33.33,3.11,0.3,0
1,2020,336,25746.58,23.67,31.67,3.26,0.67,9.4
1,2020,337,16056.86,23.83,32.28,3.04,0.79,0
1,2020,338,19335.99,20.83,32.78,2.47,1.19,0
1,2020,339,13989.05,24.11,29.56,2.48,0.2,0
1,2020,340,19818.95,23.83,31.94,3.03,0.26,0
1,2020,341,17986.69,23.33,32.56,3.16,0.19,0
1,2020,342,18062.17,23.11,33.67,2.96,0.43,0
1,2020,343,25287.22,25.06,33.5,3.29,0.46,0.25
1,2020,344,17607.63,22.94,33.44,3.38,0.28,0
1,2020,345,18625.65,22.11,32.5,3.21,0.26,6.85
1,2020,346,20906.04,21.67,32.94,3.06,0.38,0
1,2020,347,20330.98,21.33,32.83,3,0.42,0
1,2020,348,21043.33,20.39,32.72,2.85,0.55,0
1,2020,349,20337.88,20.72,34.11,2.94,0.3,0
1,2020,350,17655.98,22.28,35.06,3.3,0.38,1.02
1,2020,351,20899.13,21.33,34.17,3.13,0.38,0
1,2020,352,21089.96,21.72,33.44,3.05,0.52,0
1,2020,353,20586.56,20.72,33.11,2.96,0.56,0
1,2020,354,20528.71,21.39,32.67,2.92,0.7,0
1,2020,355,20874.09,20.39,33.61,2.89,0.48,0
1,2020,356,20550.29,20.11,34.28,2.96,0.44,0
1,2020,357,20172.1,21.22,34.94,3.11,0.47,0
1,2020,358,19841.4,21.72,34.11,3.14,0.49,0
1,2020,359,19888.02,21.72,33.56,3.04,0.44,0
1,2020,360,19438.16,20.94,33.61,2.96,0.55,0
1,2020,361,17617.99,22.39,34.72,3.1,0.35,0
1,2020,362,17038.61,23.33,32.94,2.99,0.5,0
1,2020,363,16751.08,22,33.39,2.97,0.44,0
1,2020,364,16740.72,21.67,34.5,3.03,0.4,0
1,2020,365,18398.56,20.94,34.06,2.96,0.37,0
1,2020,366,14241.45,21.22,27.5,2.7,0.09,2.03
